0 73 4 15 5 9 0
1 9 0 3 58
2 73 65 5 38 0
3 0
4 0
5 0
6 0
7 0
8 0
9 0
10 4 15 65 5 1
11 56 5 1 17
12 92 56 55 65 62 8 5 64 1 61 3 58
13 1
14 73 26
15 5 38 87 2
16 21 25 36 87 2
17 15 5 34 9
18 73 91 21 25 17 72 58 26 2
19 12 3
20 3 76 6 25 9 13 31 73 21 16 46 56 17 36 41 23
21 9 3
22 6 12 3
23 3
24 3
25 3 10
26 30
27 6 3
28 6 5 82 9
29 6
30 3
31 6 3
32 12 15 5 3
33 6 3
34 6 12 5 64
35 3
36 6 3
37 6 12 5 3
38 6 3
39 6
40 6 3
41 65 5 17 38 87 3
42 6 73 15 5
43 73 5 36 3
44 6 12 3
45 6 12 3
46 65 63 62 34 32 3 91
47 56 25 3
48 6 21 5 17
49 6 12 3
50 43 3 38
51 4 65 5 87 3 58
52 5 9 13 3
53 6 12 5 57
54 6 15 3
55 69 65 8 5 3 84
56 5 64 38 36
57 12 33 5 87
58 6 3
59 73 56 5 9 3
60 12 3
61 6 12 8 5
62 6 12 62 61
63 12 73 17 13
64 5 9 17 3
65 6 12 79 65
66 15 13 21 25 5 9 17 87 3 23
67 12
68 76 5 16 9 17 36 3 23
69 6 12 15 8
70 12
71 6
72 15 5 9 17 3
73 4
74 4 15 56 65 17 38 87
75 15 73 80 21 25 5 34 9 17 38 72 87
76 73 4 15 8 5 38
77 6 12 4
78 4
79 73 4
80 4
81 4 65 5 9
82 12 4
83 6 12 4 5
84 4 5 9 13
85 6 9 4
86 4 19 5 87
87 6 73 4 5
88 6 74 4 64
89 4 15 5 64 10
90 15 4 43 5 89 17 87 10 84
91 65 4
92 53 4 8 5 9
93 4
94 73 4 15 5
95 4 9 50 10
96 4 25 65 34 64 9 87 58
97 6
98 12 4 56 8 17 87
99 12 4 9 57
100 56 69 90 62 34 64 87 57 76 67
101 6 12
102 4 47 65 64 38
103 6 4
104 4 21 8 5
105 4
106 6 12 4 5
107 19 56 25 62 64 17 87 41
108 73 4 15 64 17
109 12 4 5 89 9 17 87
110 4 15 21 8 5 9 36
111 6 15 4 25 9 26 73 34 87 44 66 65 17 36 58 23
112 6 73 5
113 25 5 17 87
114 15 21 5 46 64 9 17 87 44 23
115 6 12
116 6 12 65
117 15 5 17 87 10
118 6 49
119 73 65 5 9
120 12 9
121 12 14
122 73
123 17
124 15 21 5 64 17
125 12 9
126 52 21 5 64 38 10 41 46
127 6 21 65 5
128 65 12 9
129 21 65 5 17 9 38 36 87
130 12 53 20 21 5 32 87
131 15 88 21 25 28 5 9 87
132 6 56 10
133 6 56 9
134 58
135 15
136 5
137 5
138 65
139 5
140 15
141 12 65
142 6
143 65 28 5 38
144 73 5 38 23
145 43 9
146 31 12 65
147 65 21 17
148 6 5 38 72
149 5
150 25
151 5
152 8
153 6 12
154 6 12 25
155 5
156 5
157 5
158 8
159 5
160 9
161 6 12 21 8
162 56
163 21 8 5 87
164 12 15 5 64 87
165 73 5 9 10
166 6 43 38
167 6 12 65
168 65 12 10
169 6 12 15 5
170 6
171 5
172 6 38
173 6 12 10
174 65 63 5 64 76
175 12 38
176 6 12 38
177 37 12 65
178 12 5
179 6 12 5
180 12 10
181 6 12
182 6 12
183 6 12 15 5
184 6 12
185 6 9
186 12 9
187 6 12 65 5
188 25 58
189 12
190 5 17 87 26
191 73 25 5 58 26
192 6 65
193 6 9
194 65 5 9 10
195 6 12
196 6
197 6 73 10
198 6 65 5
199 12 65 5 64
200 6 12
201 5
202 6 12 15
203 9
204 6 12
205 6 73 5
206 6 9
207 5
208 9 5
209 5
210 6 42 55 25 13 26 31 86 53 73 91 90 21 62 34 57 87 44 33 67 5 30 32 17 82 41
211 5
212 65 15
213 6 15
214 73 15 43 5 64 9
215 15 65 5 17 38 81 87
216 5
217 5
218 5
219 38
220 9
221 38 5
222 10
223 31 5 17 84
224 6 65
225 17 76
226 73 15 21 65 5 17 87 85
227 12 73 5 17 38 87 10
228 6 12 56 5
229 73 25 5 17
230 65 5 34 17 87
231 86 15 5
232 6 12 65
233 5
234 31 65 5
235 25
236 5
237 10
238 6 12
239 6 33 65
240 73 56 21 5 59 17 9 38 87
241 6 12 65
242 65 8 5 64 17 10
243 12
244 5
245 31 12 65
246 73 86 56 65 5 64 17 87
247 6 12
248 5
249 6
250 5
251 6 73
252 6
253 73 5 17 38 87 10
254 5
255 5
256 5
257 13 12 9
258 6 21 65 5
259 6 12 15 65
260 73 86 21 65 5 34 17 87 26 23
261 65 9
262 12 73
263 6 13
264 5
265 6 12 8 5
266 6 52 73
267 14 15 53 65 5 64 9 17
268 69 21 25 8 5 64 59 9 17 38 81 76 84
269 12 10 5
270 12 8
271 6 38 87
272 53 73 19 56 21 25 28 5 87 70
273 8 5 82 17 38
274 76 6 83 25 50 27 31 73 59 87 44 78 5 64 36 91
275 6 15 65 5
276 6 12 9
277 5 9 36 10
278 6 86 5 9
279 6 12 5 9
280 7 65 5 38 58 23
281 6 12 65 5
282 6 12 26
283 5
284 6 21 5 9
285 6 15
286 5
287 6
288 5
289 12
290 6 12 65
291 6 12 65
292 5
293 73 69 5 34 9 87
294 12 65 5
295 12
296 12
297 6 15
298 6
299 6 12 8
300 21 65 5 34
301 8
302 6 37 12 5
303 6 12
304 12 87
305 15 56 5 17
306 5
307 6 5
308 65
309 6 9 10
310 15 9
311 6 12 15
312 12
313 12
314 6 12
315 6 12 73 15
316 6 12 65 5
317 12
318 6 12 15 43
319 12 65 5 64 17 38 76 44
320 6 12
321 6 12 5 9
322 5 34 64 17 10
323 6 12 65 5
324 6 12 5 38
325 6 12 8
326 6 12 65
327 6 12 8
328 6 12 25 5
329 75 65 8 5 81 76 44 45
330 73 15 25 65 5 9 17 36
331 25 76 5 17 87 36 13 44
332 73 21 5 9 38 81 76
333 12 15 5 64 89 87 10 26
334 15
335 14 73 56 65 5 17
336 73 90 65 5 34 64 87 76 23
337 5 72 17 36 87
338 25 65 5 34 64 82 17 9
339 73 15 65 5 34 9 17 87 58
340 12 25 5 64 17 38 87 58
341 6 12
342 6 12 65 5
343 52 68 21 25 5
344 12 73 5 34
345 12 83 25 65 5 64 17 58
346 69 65 5 34 82 17 87
347 5 87 76 67
348 54 19 21 25 5 17 81 57 87 41 46
349 43 73
350 6 12 73 21
351 12
352 6
353 73 65 8 5 64 9 36
354 6
355 71 6 25 31 86 73 21 34 87 44 33 5 17 41 23
356 6 12 15
357 12 10
358 6 33 51 5
359 6 12 69 5
360 15 65 5 9 10
361 5
362 6 12
363 12 9
364 6 16 5
365 12 5 64 87
366 6
367 6 12 5
368 6 12
369 12 5 64 9
370 5
371 6 12 15
372 21 5 34 87 10
373 6 56 5 34
374 15 65 5 38
375 6 12 8 5
376 73 19 21 65 5 17 87
377 33 62 5 17 38 57 26
378 74 21 28 5 34 82 9 57 87 41 26
379 6 15
380 73 19 21 25 63 5 34 64 9 87 76 41
381 6 12 65
382 10 5
383 65 12 10
384 6 12
385 6 12
386 12
387 65 5 36 57
388 12
389 5
390 43 21 62 5 9 57 41
391 6
392 56 25 76 5 34 87 72 26 58 44
393 6
394 73 65 62 5 58
395 6 12
396 5 82 9 41 26
397 6
398 6 65 5
399 6
400 15 65 5 34 9
401 6 10
402 5
403 81 86 73 21 62 34 57 87 44 70 65 5 82 17 91 23
404 6 12 65 5
405 12 5
406 65 5 57 26
407 8 5 34 91
408 65 5
409 73 15
410 6 12 15 5
411 6 12
412 6 12 90 65
413 12 65
414 6 12 5 36
415 6 12
416 6 12 9
417 6 65
418 12
419 5
420 6 12 5 57
421 21 5 38 87 10 23
422 73 15 5 9
423 6 12
424 65 9 5
425 5
426 73 21 5 64
427 9 10
428 73 5
429 56 55 65 62 5 60 41
430 6 15 65
431 5
432 6 12 65 5
433 12
434 15 5 64 9
435 5
436 12
437 73 69 5 87
438 6 12 9
439 6 12 5 64
440 6 12 65 5
441 65 12 9
442 5
443 6 10 65
444 65 8 5 9
445 12 76 71
446 15 5 64 91
447 73 15 65 5
448 12 65 5 9
449 31 65 5 87
450 12
451 73 65 5 64
452 6 69 12
453 6 25 65 8
454 12
455 6 12 9
456 6 12 73 56
457 6
458 38 71
459 9
460 56 21 5 10 58 23
461 73 5 9 36
462 6 8 17
463 6 12 15 5
464 6 12
465 6 12 5 64
466 6 12 73
467 12 5 87 26
468 43 5 64 17 38
469 19 21 25 5 87
470 12 65 5
471 5
472 5
473 65 5 82 17 87
474 65 14 9
475 65 9 5
476 73 15 21 65 5 9 87 84
477 12 92 25 65 5 87
478 15 21 25 65 5 34 9 17 87
479 25 17 5
480 6 12
481 21 5 17 36 58
482 73 15 5 64 9
483 14 73 5 64 11
484 5
485 15 5 64 9
486 36 8 15
487 53 14 5 34 17 38
488 5
489 7 65 5 17
490 6 12 14 5
491 31 53 43 56 21 65 8 5 17 57 87 41
492 12 5
493 65 81 25
494 21 25 63 5 46 64 17 9 38 87 81 76 23
495 5
496 6 38 65
497 73 65 5 9
498 65 8 34 5 64 87
499 6 65
500 6 15 65
501 12
502 6 12 65 5
503 6 65 5 64
504 12 15 65 5 41
505 6 12 17
506 21 65 5 9
507 6
508 6 56 65
509 6 65
510 65 12 9
511 12 63
512 65 9
513 73 15 5 38
514 65 9 5
515 65 5 9 38 44
516 73 79 43 7 65 5 38 23
517 6 21 65 5
518 6
519 6 65
520 6 15 65 5
521 5
522 6 10
523 6 21 5 87
524 53 12
525 6 12 65
526 56 62 5 9 38 10
527 6 12 5 89
528 65
529 6 9 65
530 73 74 19 21 25 65 5 34 51 17 87 41
531 21 65 5 17
532 19 43 8 5 87
533 65 25 5
534 5
535 6 47
536 6 65 5 17
537 25 62
538 65 15 5
539 6 12 21 5
540 6 12 15 5
541 6 65
542 6 73 65
543 6 12 9
544 6 20 65
545 21 25 5 64 87 10
546 6
547 6 74 9
548 12 15
549 6 65
550 6 65
551 52 38 49
552 6 12 73 5
553 6 8
554 6
555 12 21
556 12
557 65 5 64 17 87 84
558 6 12 21 5
559 6 12
560 6 21 5 17
561 6 73
562 19 21 5 9 38 87
563 65 5 64 9
564 65 5 38 10
565 19 21 65 5 64
566 21 25 65 5 17
567 6 21
568 6 56 65 5
569 25 5 9 60 10 58
570 6 12
571 5 17 87 58
572 6 65
573 6
574 6 19 5 64
575 6 12
576 38 8 9
577 6 87
578 6 8 35
579 73 8 5 34
580 6 12
581 15 21 25 5 64 41
582 6
583 5
584 58
585 6 12 65 5
586 6 9
587 6 12 15
588 6 5 17 38
589 6 9 65
590 12 87 78
591 6
592 6 12 73 5
593 7 5 9 13
594 19 56 21 65 62 5 64 78 17 38 77 76 87
595 6 17 9
596 73 21 5 41
597 73 19 21 65 28 5 64 17
598 21 5 34 17 87
599 6 12 65 16
600 12 73 65 5 50 87 23
601 21 25 65 5 38 71
602 65 5 9 10
603 73 15 21 65 41 5 17 50 87 24 44
604 6 65
605 5
606 6 17 10
607 6
608 6 12
609 5 34 17 87
610 56 9
611 6 15
612 6
613 6 33 5 82
614 53 15 8 5
615 8
616 59
617 5
618 25 5 17 87
619 6 12
620 6 12 15 62
621 6 9 5
622 6 12 65
623 6
624 5 64 9 38
625 43 56 21 25 78 5 34 64 17 87 26
626 65
627 6 19 5 38
628 65 5
629 5
630 43 38 5
631 15
632 53 15 56 65 5 64 38
633 6 15 65 5
634 65 8 5 9
635 19 56 21 5 38
636 6
637 5 38 93 41 23
638 43 65 62 5 64 38 87 58
639 6 65
640 6 12 19 5
641 6 12 65 5
642 65 5
643 6 12 15
644 73 74 56 65 5 34 9 57 87 41
645 43 56 21 25 65 5 57
646 6 15 5
647 6 12
648 73 43 5 34 64 38 76 41
649 6 53 41
650 86 19 56 5
651 6 65
652 6 69
653 6 15
654 6 38 9
655 6 15 65
656 6
657 6 73 65 5
658 12 17 73
659 73 86 21 29 5 17 38 61 36 87 58 48
660 12
661 73 19 21 5 17 87
662 29 25 5 65 38
663 5
664 73 22 21 5
665 65 5 34 9
666 74
667 5
668 6 12 15 65
669 5
670 6 73 58
671 6 12 56 65
672 5 9 61 58
673 62 5 9 38 87 10
674 5
675 5
676 6 5
677 6 12 15
678 6 17
679 6
680 6 62 5
681 6 12
682 12 63 5 64 38 57 41
683 6 90 9
684 6 58
685 5 60 58 45
686 64 5
687 6 12 8 5
688 6 12 65
689 6 36
690 52 65
691 17 5
692 6 12 9
693 56 21 65 5 38 87 58 44
694 65
695 6 12
696 12 56 5 64 9 10
697 31 65 5 38
698 5
699 6 9 58
700 6 5
701 6
702 65 10
703 6 73 5 34
704 43 63 5 61 76 44
705 5 17 38 87
706 6 17
707 66 75 56 5 17 50 38
708 5
709 5 64 9 38 87 10
710 6 38 9
711 6 5
712 53 73 65 5 38 87 35 44
713 73 26 17
714 56 55 62 5 38 36 58
715 6 65 5
716 19 65 5 91
717 68 65 5
718 38
719 5 34 9 35
720 6 56 62
721 6 12 65
722 6 12 73
723 6 56 12
724 6 87
725 21 65 5 81 48
726 6 12 56 65
727 19 21 25 5 32 17 87
728 31 78 5 17 9 38
729 5 64 17 58
730 15 21 78 5 64 32 17 87 76 26
731 73
732 6 8
733 73
734 6
735 6 15
736 58
737 6 73
738 6 9
739 12 15
740 21 25 5 17 77 87
741 6
742 38
743 56 68 78 5 17 87 72 81 57 35 58
744 6 8
745 5
746 5
747 6
748 6 72 15
749 66 78 5 17 87 10 26 23
750 12 17 5
751 56
752 17 12 9
753 6 21
754 6 12 21
755 6 17
756 6 73 65 5
757 15
758 5
759 5
760 6 12
761 6 12 5
762 6 65
763 28 5 34 76 17 38 77 35 87
764 6
765 9
766 5 64 9 50
767 6 53
768 6
769 9
770 5
771 6 12
772 15 5 34 9 71 46
773 6 73 21 8
774 73 9
775 5 17 9 87
776 17 62 5
777 6 73
778 6 12 10
779 12
780 12 77 73
781 5
782 5 17 9 72 58 26
783 5 84 87 41
784 5
785 6 12 58
786 5 64 17 76 58 44
787 5
788 65 62 5 17 9 71 26
789 12 5 87 41
790 5
791 12 73 5 17 38 87 10 41
792 5 17 38 76
793 6 65
794 12 65
795 26 17 41
796 6 38
797 6
798 73 38 15
799 6 15 5 9
800 5 87 10 58
801 6 12 58
802 12 79 5 17
803 53 56 5 64 38 13 58
804 12
805 12
806 5
807 5
808 6 12
809 5
810 12 26
811 5
812 6 73 9
813 6
814 6 53
815 31 74 71
816 42
817 5
818 6 53 73
819 73
820 5
821 19 65 5 17 38 87
822 15 65 8 5 64 9
823 12 9
824 11
825 65 15 5
826 5
827 6 12 65 5
828 6
829 6 52 15
830 12
831 53 73 19 5 17
832 21 25 62 5 59 17 9
833 5
834 12 56 62 5 9 17 60 10
835 5
836 6 12
837 6
838 12 73 5 9
839 6 12 65
840 7 15
841 12 9
842 5
843 15 62 5 87 10
844 6 21
845 12 65 8 5
846 65 12 10
847 6 12 15 5
848 6 12
849 5 61 10 87
850 19 25 5 34
851 19 43 21 5
852 65 5 9 44
853 5 17 87 41
854 5 38 87 10
855 9
856 6
857 36
858 5
859 19 69 21 65 5 64 87
860 6
861 6 73 10
862 6 73 38
863 19 8 9 72
864 73 15 19 25 65 10
865 6 73 9
866 73 21 25 17 38 58
867 27 33 73 43 65 64 17 87 41 46
868 21 17 9 87
869 6
870 6 43 17
871 34 64 17 9 38 23
872 31 15 53 73 86 43 56 30 17 87 10
873 6 9 10
874 6
875 6
876 6 9
877 56 21 25 65 64 17 9 87 10 41
878 15 43 65 28 71
879 73 56 25 17 9 10
880 6
881 73 15 80 21 25 65 9 13
882 43 56 69 21 65 62 51 90 38 87 10 26
883 21 25 17 87 10
884 6 12
885 6 7
886 6
887 6
888 6
889 15 65 17 72 58
890 19 25 8 64 32 17 24
891 6 12 17
892 12 73 21 25 17 87
893 74 15 65 34 64 9 11 26
894 15 19 21 65 17
895 6 12
896 73 9 36 23
897 6 73 25
898 65 64 17 9
899 31 73 69 28 8 30 17 84
900 12 56 21 25 36 81 87 84
901 15 17 9 72
902 21 25 17 87 10
903 15 92 21 25 65 17 9 87
904 14 75 43 21 76 17 87 10 58
905 6 12
906 6 12 75 21
907 6 12 17
908 21 65 17 81 87
909 6 15 75 9 26 27 53 73 19 21 57 87 33 56 65 17 36
910 73 19 56 21 25 65 78 64 17 38 81 87
911 6 12
912 15 21 25 17 9 87
913 65 63 64 17 87 81 76 24 46
914 6 9
915 19 56 21 25 64 38 72 87
916 15 21 87 58
917 17 87 10 91
918 6
919 6
920 6
921 22 21 25 64 87
922 6
923 6
924 6
925 6 73
926 6
927 6 64 87
928 6 9
929 6
930 6 12
931 6
932 6
933 6 12
934 55 62 60 58
935 6
936 6 12 65
937 6
938 6
939 43 69 21 65 62 38 57 58 44 23
940 6
941 6 21 87
942 12 25 81 87
943 6
944 6
945 6 65 50
946 6
947 6
948 6
949 12 65 9 58 44
950 6 31 73 27
951 6
952 6
953 15 22 21 9
954 6 73
955 6 17 65
956 6
957 6
958 6
959 6
960 6
961 6 9
962 6
963 53 73 56 25 76 17 60 13 58 26
964 6
965 6 12 15 65
966 6
967 6
968 6
969 6
970 6 15 58
971 6 86 10 58
972 6
973 6
974 6 12 15 65
975 6
976 6
977 6 87
978 6
979 12 63 64 9
980 6 73 10
981 6 63 64 9
982 6
983 6
984 6 12
985 65 9 38 10 58
986 6
987 6
988 6 12
989 12 34 87 58
990 6
991 6
992 6
993 6
994 6
995 6
996 6
997 6
998 6 17
999 6
1000 6
1001 6
1002 6
1003 6
1004 6 12
1005 6 9
1006 6
1007 6
1008 6
1009 6
1010 6
1011 6
1012 6
1013 6
1014 19 21 65 64 87
1015 17 9 87 41
1016 6
1017 6 86 73 69
1018 6 12
1019 6
1020 6
1021 6 43 9
1022 6 21 65
1023 6 12 17
1024 6
1025 6
1026 6
1027 6
1028 25 65 9 87
1029 6 31 29 87
1030 19 21 65 64 17 87
1031 37 19 25 28 34 17 87 84
1032 6 12 65 17
1033 6
1034 43 21 65 87
1035 6 87 17
1036 6 73 17
1037 56 65 17 38 87 10 23
1038 6
1039 6
1040 6
1041 6
1042 19 21 25 65 8 64 87
1043 6
1044 6
1045 6 12
1046 6
1047 6
1048 6 12 65 64
1049 6 10
1050 6
1051 73 43 21 25 17 9
1052 73 65 34 87
1053 73 56 21 25 87 13
1054 73 62 63 30 89 17 23
1055 6
1056 6
1057 6
1058 6
1059 6 38
1060 86 15 19 21 25 63 65 34 17 87 76
1061 15 49 73 34 9 38 87 76 58
1062 6 9
1063 34 9 87 57 10 46
1064 6
1065 12 87 76 23
1066 6 73
1067 6
1068 66 17 38 35
1069 6
1070 6
1071 6
1072 6 10
1073 6 12
1074 6 65
1075 73 90 78 34 17 38 26
1076 6 12 13
1077 6
1078 6
1079 73 38 36 23
1080 6
1081 6
1082 6 12
1083 6 64
1084 6
1085 6
1086 6 87
1087 12 73 15 65 9 10
1088 6
1089 6 9
1090 6
1091 6 12 65 9
1092 6
1093 6 25 17
1094 6 12 15
1095 6
1096 6 73 17 87
1097 6 12 65 25
1098 6 15
1099 6 12 69 90
1100 6
1101 6 15 21 64
1102 6
1103 6
1104 6 12
1105 6 12
1106 6 12 9 38
1107 6 74 12 31
1108 6
1109 6
1110 6 12 9 87
1111 6 87
1112 6
1113 6 65
1114 6 12 65 17
1115 6
1116 6
1117 6
1118 6
1119 6
1120 6 92
1121 6
1122 6
1123 6 74 69
1124 6 76 41
1125 6
1126 6
1127 6
1128 6 10
1129 6 12
1130 6 73 12 15
1131 6
1132 12 73 56 76 38 87 10
1133 6 74 12 15
1134 6 12 9
1135 6
1136 73 65 17 84 87 76 58
1137 73 15 65 64 9 10 44
1138 10 76 6 25 26 27 31 53 73 69 21 34 87 44 56 65 41 17 36 58
1139 6 12 10
1140 73 15 64 17 9 58 46
1141 6 12 15 65
1142 33 73 91 25 8 34 17 9 38 81 87 41
1143 6
1144 15 52 53 73 74 21 76 8 64 81 17 38 11 10
1145 42 53 73 56 65 17 9 61 91
1146 12 27 36 87
1147 6
1148 12 73 38 76
1149 12 73 34 38 41
1150 6
1151 73 21 65 9
1152 53 15 69 21 25 65 71 17 87 76 41
1153 73 64 17 9 41
1154 6 86 73 87
1155 6
1156 6 73
1157 6 12
1158 6 12
1159 6 73 15 87
1160 6 86 12 36
1161 43 17 36 87 71
1162 73 15 9 87 10 58 44
1163 6
1164 79 43 65 34
1165 73 15 7 13
1166 6 73
1167 64 17 38 87
1168 6 12
1169 6 12 25 64
1170 6 25
1171 6 9 10
1172 12 74 25 87 76 44
1173 6 12
1174 6
1175 73 43 69 65 38 87
1176 12 43 8 34 91
1177 93 25 65 34 17 87
1178 58 73 74 21 25 41 62 65 17 38 57 87 24
1179 6 65
1180 43 25 41 65 34 64 17 87 76 24
1181 6
1182 42 15 66 79 65 64 38
1183 73 56 90 65 34 64 17 50 76 41 46
1184 9 38 10 23
1185 12 15 69 34 17 9 26
1186 6
1187 6
1188 6
1189 25 17 9 87
1190 65 64 9 36
1191 6
1192 6
1193 6
1194 19 21 65 17 87 71
1195 6
1196 65 64 36 87
1197 15 19 21 76 46
1198 15 47 51 34 64 87 41 23
1199 6
1200 15 74 86 56 21 25 34 17 38 87 57 35 26
1201 6
1202 12 73 19 43 21 65 62 63
1203 6 17 15
1204 6
1205 6
1206 6 57
1207 6 65 63 38
1208 6
1209 6
1210 6
1211 6 9 65
1212 6
1213 6 72
1214 6
1215 6
1216 6 12 64 57
1217 6 56 12
1218 6 12
1219 6 9
1220 6
1221 6 65
1222 65 8 34 9
1223 6 53
1224 73 83 65 16 34 64 9 38 87 36 57 10
1225 6 12
1226 6
1227 6 12
1228 8 64 87 41 23
1229 6
1230 64 17 9 87 58 23
1231 19 65 17 38 87
1232 12 58 17 87 76 41
1233 21 65 8 87 23
1234 6
1235 6 21
1236 6
1237 6 12
1238 6
1239 33 53 15 64 17 87 41
1240 6 12 9
1241 43 21 65 46 34 38 87 41 23
1242 6
1243 6
1244 6 12
1245 6
1246 6 15 25 64
1247 6 12 15 64
1248 6
1249 6
1250 6
1251 6
1252 12 86 83 60
1253 6 21
1254 6 12 15
1255 52 56 25 65 34 17 38 26
1256 6 73 21
1257 12 31 65 30 17 36 85
1258 6 12
1259 6
1260 6
1261 6
1262 6
1263 6 73
1264 6 12 73 64
1265 6 25
1266 6 73 21
1267 6 12
1268 6 73
1269 6 12
1270 6
1271 6
1272 73 15 17 10
1273 6
1274 43 25 17 38 26
1275 6 74 30 17
1276 6
1277 56 55 62 34 17 9 61 87
1278 6 65
1279 6 36 25
1280 6
1281 6
1282 73 21 17 38 36 87 58 85
1283 6 10
1284 6 12 38
1285 6
1286 6 12
1287 6 73
1288 6 12
1289 6
1290 6
1291 6 31 73 15
1292 6
1293 6
1294 6 12
1295 73 65 8 64 38 93
1296 6 12 15
1297 6 65 64 34
1298 53 15 73 56 69 65 62 8 64 17 87 58
1299 6
1300 6 73 64 34
1301 65 34 9 10
1302 73 65 17 87 58
1303 6 12
1304 6 17 12
1305 76 6 15 25 9 81 24 31 73 19 21 34 72 87 44 66 17 36 41
1306 6
1307 15 65 36 11
1308 66 73 19 56 69 34 17 36 81 87 71 26 23
1309 6 12
1310 6 12 14
1311 6
1312 6 12 65 64
1313 14 21 65 9 10
1314 6 12 21
1315 6 12 10
1316 6 12
1317 6
1318 12 19 65 17 87
1319 74 56 65 46 38 87 44 23
1320 66 73 21 65 35
1321 6 56 9
1322 62 64 60 58
1323 6
1324 6 53 25
1325 6
1326 69 21 25 65 17 87 58 45
1327 15 56 65 64
1328 6 74 25 65
1329 6
1330 6 65
1331 6
1332 6 57
1333 6 64
1334 12 15 43 65 87
1335 6 53 56 65
1336 73 14 19 21 64 17 9 87
1337 6 73 17 38
1338 6 12 15
1339 15 19 65 78 17 87
1340 6 12 15
1341 6 12
1342 53 56 25 65 17 38 87 76
1343 6 74 65
1344 6
1345 6
1346 6
1347 73 34 10 44
1348 6
1349 6 12 65 76
1350 6 90 12
1351 6
1352 6 65
1353 52 19 64 38
1354 6
1355 6 12 65 17
1356 6 12 15 65
1357 6 12
1358 6
1359 6
1360 6 87 17
1361 6
1362 6
1363 6 15
1364 6 12 65
1365 6 65
1366 6 12 21 25
1367 6 12 17
1368 6 12 10
1369 6 12 21
1370 6
1371 87 76 44 23
1372 6
1373 6 12 73
1374 6 21 25 65
1375 6 31 12 65
1376 6 12
1377 6 17
1378 6 65
1379 6 12 10
1380 6 12 15 21
1381 6 21
1382 6 65
1383 6 73 10
1384 6 15 65
1385 12 53 22 25 8 41 46
1386 6
1387 6
1388 6 17
1389 6
1390 6
1391 6 9
1392 6 10 15
1393 6 64 10
1394 6
1395 73 86 21 34 38 87 36 76
1396 6 12
1397 6 17
1398 6
1399 6 21
1400 6 87
1401 43 21 25 17 87
1402 6
1403 6 12 73 64
1404 6
1405 6 12 65
1406 6 12 15 21
1407 6 43 15
1408 6 65 8 38
1409 6
1410 6
1411 73 56 69 17
1412 6 10
1413 6
1414 6
1415 6
1416 6
1417 6 12 38
1418 6 12 65 64
1419 6
1420 56 38 87 58
1421 6
1422 6
1423 6
1424 6 65
1425 6 9
1426 6
1427 6
1428 6
1429 6
1430 6 82
1431 6
1432 6
1433 6
1434 6 22
1435 6
1436 6 12
1437 73 15 21 38 87
1438 6 65
1439 6 12
1440 73 69 21 90 51 64 38 87 81 76 41
1441 6 15
1442 6
1443 6
1444 6
1445 6 12
1446 6 65 30 9
1447 6 12
1448 73 19 43 56 17 38 36 87
1449 6
1450 6
1451 63 64 89 9 13 26
1452 6
1453 6
1454 15 56 60 10
1455 73 64 87 26
1456 6 69
1457 6
1458 6 12 87
1459 6 12
1460 6
1461 6 12
1462 6
1463 6 12
1464 6 12
1465 6
1466 6
1467 6
1468 6
1469 12 65 36 87
1470 6 12
1471 6 12 25
1472 6
1473 43 34 82 17 9 87
1474 6
1475 6
1476 6 17 72 58
1477 6
1478 55 29 30 17 38 61 87 58
1479 92 56 17 87 58
1480 6 15 65 17
1481 6
1482 6
1483 6 73 15 34
1484 6 53 55
1485 6
1486 25 76 46 59 9 38 35 10 26 23
1487 6
1488 76 8 10 58
1489 6
1490 6 12
1491 6 37 87
1492 73 76 34 64 38 10 58
1493 6 10
1494 6
1495 6 65 8 36
1496 6 65 71
1497 6 12
1498 6 73 12
1499 6 12
1500 6 12 73 21
1501 6 73
1502 6 12 9
1503 21 25 34 36
1504 6
1505 6 65
1506 6 12
1507 6
1508 6 15
1509 6 56
1510 6 12 65
1511 6 43 12
1512 73 43 56 55 69 62 34 17 61 57 13 41 26 87
1513 52 17 9 58 23
1514 6 33 65 50
1515 6 73 12 57
1516 6
1517 6 73 12
1518 6 92 65
1519 6
1520 6 12 9 57
1521 6 12
1522 66 73 25 17 38
1523 6 38 9
1524 6 12
1525 53 12 56 55 62 17 87
1526 6 21 65 9
1527 6 73
1528 21 65 34 9
1529 56 65 64 38 87
1530 19 21 65 34 82 81 87 26 23
1531 6 68
1532 6
1533 6 15 65
1534 6 9
1535 6 12 73 21
1536 15 21 65 36 87
1537 65 64 9 38 87 71
1538 6
1539 6
1540 6
1541 6 65
1542 6 12 9
1543 6 12
1544 6
1545 6 12
1546 6
1547 6
1548 6 12
1549 6 43
1550 6
1551 73 15 19 65 77
1552 6 12 77
1553 22 19 21 51 87 91
1554 6 12
1555 73 25 65 10 23
1556 75 65 62 8 72
1557 6 73 9
1558 6
1559 6 65
1560 6 12 21 64
1561 6 12 9
1562 73 83 25 34 38 23
1563 6 43
1564 6 12
1565 6 10
1566 12 43 21 25 81 87
1567 6 52 9
1568 6 10 65
1569 6 12 15
1570 12 73 15 65 8 17 87 76
1571 22 21 25 9 10
1572 17 87 10 26
1573 6
1574 6
1575 6
1576 43 56 9 87
1577 6 43 12
1578 6 12
1579 21 25 76 17 38 87 36 57 13 58 26
1580 6 65 86
1581 6 58
1582 6
1583 6 7 87
1584 15 56 62 34 17 61 87 58
1585 6 21 34 87
1586 6 12
1587 52 73 56 69 28 34 9
1588 6 53 12
1589 6
1590 21 78 64 17 23
1591 6 12
1592 64 17 38 81 87
1593 6 12
1594 6
1595 92 56 78 17
1596 6
1597 6 12 17
1598 6
1599 73 15 56 34 59 38 23
1600 6
1601 6 25
1602 6
1603 6
1604 6 12
1605 6 12 17
1606 6 73 10
1607 6
1608 6
1609 6 90
1610 79 25 50 81 26 27 31 53 73 86 19 69 21 34 87 84 44 46 33 66 56 30 17 36 35 41 23
1611 6 73
1612 6
1613 6
1614 6
1615 22 56 21 87
1616 6
1617 6
1618 6 65
1619 6
1620 6 13 15
1621 6
1622 6 73 17
1623 53 73 19 21 25 64 17 84
1624 6 34 9
1625 6 8 64 17
1626 6 12 16 17
1627 68 21 25 17 38 57 87 26 23
1628 6 73 9
1629 6 25
1630 12 73 15 25 17 77 87
1631 73 86 91 69 21 82 17 87 76 41 44
1632 25 64 17 9 87 76 58 23
1633 6
1634 6 12 9
1635 6
1636 6
1637 6
1638 73 64 72 44
1639 6
1640 6 9
1641 6 12 10
1642 6 62 9
1643 6
1644 6 12 21 25
1645 6 65
1646 6 64 17
1647 6
1648 6 9
1649 12 56 21 25 64 17
1650 43 56 34 10
1651 6 12 73 66
1652 6 12 65
1653 73 56 90 9
1654 15 65 17 87
1655 6 12
1656 6 12
1657 6 12
1658 12 9 38 87
1659 12 75 21 25 34 17 72 81
1660 6 12
1661 43 69 9 38 87 44
1662 15 53 73 25 9 36 57 76 46
1663 69 65 76 51 17 9 87 35 13 58 44
1664 6 73 38
1665 15 56 25 34 64 9 17 38 60 57 13 26
1666 15 90 65 64 9 38 10
1667 73 15 56 65 9 76 71
1668 6 56
1669 6 12
1670 12 73 25 10
1671 6
1672 6 12 9
1673 21 34 9 87 10
1674 6
1675 6
1676 6 9
1677 6
1678 6
1679 6 30
1680 6 56
1681 6 12 13
1682 6
1683 73 65 17 38 87 36 76 85
1684 6
1685 21 34 36 41
1686 64 17 72 87
1687 73 15 43 56 9 38 76
1688 6 12 73 19
1689 69 21 25 65 30 17 38 87 81 76 41 46
1690 31 56 57 87
1691 12 19 21 34 64 17 87
1692 6
1693 6
1694 21 65 64 87
1695 73 21 25 17 38 10
1696 6 12
1697 6 87 65
1698 6 12
1699 6 65 49
1700 6
1701 6 12 21 25
1702 6 12
1703 83 25 26 27 31 53 73 86 19 21 72 87 46 41 17 36 58
1704 6 12 9
1705 6 10
1706 73 43 7 21 17 38 87
1707 7 56 21 78 17 38 87
1708 7 12 15
1709 74 12 73 21
1710 12
1711 73 65
1712 15 65 8 64
1713 12 65
1714 9
1715 38
1716 56 8 64 38 57 58 26
1717 62 8 76 57 60
1718 17
1719 73 25 78 8 17 87
1720 74 12 87
1721 8 64 38 41
1722 65 76
1723 8
1724 8
1725 73 76 8
1726 10 8
1727 12 21 25 8
1728 73 15 8 17
1729 8
1730 25 9 15
1731 15 69 9 38 72 87 23
1732 9
1733 21 25 46 34 64 17 9 38 72 87 41 23
1734 15 21 9 58
1735 21 9 38 36 87 44
1736 15 75 21 25 28 65 34 17 9 36 87
1737 21 65 9 87
1738 73 9
1739 21 9 50 87 13
1740 9
1741 9
1742 9 10
1743 9
1744 73 64 9 38 36
1745 64 9 38 76 44
1746 69 21 65 48 59 17 9 38 87 81 57 76 26
1747 65 12
1748 9
1749 65 12
1750 21 65 17 9
1751 19 21 65 34 64 9 38
1752 9
1753 31 9 65
1754 65 9
1755 15 73 65 9 38 87
1756 15 21 9 87
1757 56 65 17 9
1758 9
1759 12
1760 65 9
1761 65
1762 9
1763 56 73 9
1764 9
1765 13
1766 12 15 65 64
1767 14
1768 12 66 15 65 9 58
1769 65 76 64 9 87 10
1770 12 14
1771 86 12 56 17
1772 9
1773 9
1774 9
1775 9
1776 73 56 64 17 9 36 87
1777 9
1778 65 9 15
1779 21
1780 9
1781 9
1782 9
1783 43 21 25 65 34 17 9 87
1784 21 25 65 34 17 9 77 36 87 84
1785 87 64 9
1786 87 9 15
1787 65 9
1788 67 64 9 87 10 41 85
1789 65
1790 65 9
1791 19 56 65 9 87
1792 9
1793 12
1794 12 9 41
1795 65 34 9 87
1796 25 17 9 38
1797 12 73 9 38
1798 19 21 51 9 38 36 87 41 44 46
1799 9
1800 9
1801 12 9
1802 55 21 25 28 29 17 9 87 26
1803 9
1804 9
1805 15 90 9 38
1806 9
1807 52 9 73
1808 86 65 9 76
1809 65 9
1810 53 17 9 38
1811 17 9
1812 62 76 59 17 9 57 35 44
1813 53 17 9 76
1814 64 9 36 87
1815 73 65 28 34 9
1816 65
1817 9
1818 73 21 25 9
1819 9
1820 9
1821 9
1822 65 12 9
1823 9
1824 9
1825 52
1826 73 12 51 9
1827 17
1828 89 17 9 38
1829 9
1830 9
1831 9
1832 73 79 56 55 65 62 9 61 72 76 41 87
1833 76 64 17 9 35
1834 64 9 87 36 10 24
1835 21 65 64 17 9 36 87
1836 12 52 19 21 25 34 9 87
1837 25 17 9 38 87
1838 53
1839 10 91
1840 17 25 10
1841 10
1842 10
1843 10
1844 10
1845 65
1846 10
1847 10
1848 10
1849 12 15 21 87
1850 73 12 43 65
1851 10
1852 56 73 10
1853 10
1854 65 56
1855 10
1856 10
1857 89 17 38 87 10
1858 10
1859 10
1860 10
1861 12
1862 36 25
1863 10
1864 10
1865 65
1866 17 53 10
1867 36 10
1868 73 47 86 69 21 76 34 17 38 87 72 10 91 23
1869 25
1870 10
1871 52 15 65 10
1872 15 21 25 38
1873 10
1874 10
1875 65
1876 69 10
1877 12 10 15
1878 10
1879 10
1880 10
1881 65 17 10
1882 12 10
1883 17 73 10
1884 65 10
1885 31 10
1886 21 76 30 17 10 44
1887 73
1888 43 17 57
1889 10
1890 38 10
1891 14
1892 10
1893 10
1894 73 21
1895 60 10
1896 65 12 10
1897 10
1898 10
1899 65 10
1900 53 65 38 87
1901 12 10
1902 10
1903 10
1904 12 15 25 64
1905 10
1906 12 10
1907 73
1908 38 10
1909 65 12
1910 10
1911 55 64 87 10
1912 21
1913 11
1914 11
1915 11
1916 11
1917 11
1918 14 73 34 11 87
1919 15 64 81 17 11 87 41
1920 11
1921 11
1922 11
1923 11
1924 11
1925 11
1926 11
1927 73 21 65 78 17
1928 12 73 21 65
1929 21 65 25 87
1930 12
1931 12 21
1932 43 21 64 72 17 87 36 76
1933 74 12 73 21
1934 12
1935 12
1936 12
1937 65 12
1938 12
1939 12 21
1940 12
1941 12
1942 12
1943 12 58
1944 21 25 34 17 60 58
1945 12
1946 12
1947 12
1948 12
1949 12 73 68 90
1950 15 21 65 38 23
1951 12
1952 53 17 12
1953 65 12
1954 12
1955 86
1956 12
1957 12 17
1958 25 81 26 31 53 73 19 21 34 87 44 33 56 65 30 32 17 36 35 41
1959 12
1960 12
1961 12
1962 12 56 64 17
1963 12
1964 12
1965 12
1966 12
1967 12
1968 12
1969 12 15
1970 12 65 38
1971 12
1972 12
1973 12 87 41
1974 73 83 21 25 63 38 87 81 76 46
1975 73 83 69 21 29 34 17 38 87 76 58 26 46
1976 12 76 73
1977 12
1978 12
1979 12 65
1980 73 43 69 25 78 17 38 87 36 76 41 44
1981 31 12 25
1982 36 43 12
1983 22 19 69 21 38 87 36 57 60 58 26 23
1984 12
1985 12
1986 73 15 25 76 17 38 87 35
1987 12 65
1988 86 12 65 25
1989 65 12
1990 12
1991 12 58
1992 12
1993 53 12 43 21
1994 90 12 73
1995 12
1996 12
1997 12 65
1998 12
1999 83 56 21 25 62 63 32 17 38 87 76 26
2000 12 65
2001 12
2002 56 12 17
2003 15 25 34 64 17 87 41
2004 53 15 73 25 65 34 17 41
2005 12 53 74 65 17 36
2006 90 12
2007 81 24 31 86 53 73 19 21 62 34 59 57 87 47 56 67 89 17 36 41
2008 12
2009 12
2010 12 21 65
2011 21 65 64 17 87 24
2012 19 21 25 17 38 87
2013 25 62 65 34 17 57 87 41
2014 65 17 38 84 85
2015 12 65 16
2016 14 25 17 38 87
2017 12
2018 12
2019 12 19 21 65
2020 12
2021 73 74 91 56 78 30 17 87 57 76 41 44
2022 56 62 59 57 60 58 23
2023 73 56 62 17 38 87 76 41 44 23
2024 65 64 17 38
2025 12
2026 12
2027 12
2028 21 25 78 71 34 17 38 77 87 41 23
2029 12
2030 65 17 38 41
2031 12
2032 12
2033 31 43 12
2034 12 17
2035 12
2036 12 15 73
2037 38 36 81 87 24
2038 12
2039 36
2040 12
2041 12 58
2042 73 55 69 38 87 13
2043 86 37
2044 12
2045 12
2046 53 12
2047 12
2048 12
2049 12
2050 12
2051 56 25 17 61 87
2052 12
2053 12
2054 36
2055 12 87
2056 73 12 15 56
2057 12
2058 65 12 15
2059 12
2060 12
2061 56 12
2062 21 62 60 58
2063 56
2064 12
2065 53 12 73 21
2066 65 12
2067 12
2068 43
2069 12
2070 20 68 21 25 87 41
2071 12
2072 12
2073 12 19 21 57
2074 56
2075 73 12 41
2076 12
2077 36 12
2078 12
2079 56 65 64 17
2080 12 65
2081 86 89 17 38 61 87 58 26 23
2082 56
2083 12
2084 12
2085 12
2086 12
2087 73 56 21 17 38
2088 12
2089 12
2090 12
2091 12
2092 15 21 65 64 38
2093 12
2094 12
2095 12 87
2096 12
2097 56 12 15
2098 12
2099 53 19 21 82 38 41
2100 12
2101 12 73 56 17
2102 15 65 64 81
2103 21 25 17 41 23
2104 86 69 12
2105 13
2106 21 65 87 13
2107 13
2108 13
2109 31 29
2110 49 21 25 34 17 87 35 13
2111 13
2112 13
2113 13
2114 13
2115 13
2116 13
2117 13
2118 13
2119 13
2120 79 25 13 26 31 86 53 73 91 19 90 21 62 34 57 87 44 46 33 66 92 56 78 17 36 35 41 23
2121 13
2122 13
2123 43
2124 92 73 14
2125 53 14 65
2126 14 17
2127 19 43 21 65 34 64 17 87 76 41
2128 14 65
2129 14
2130 15 16 34 32 17 38 87 76
2131 65 14
2132 14
2133 14
2134 19 43 56 62 76 17 38 87 36 60 58 46
2135 25 34 64 17 77 87 46
2136 65 69
2137 25 65 64 36 87
2138 42 15 73 65 17
2139 15
2140 15
2141 15
2142 15
2143 15
2144 69
2145 15
2146 65
2147 15
2148 65
2149 65 34 38 76
2150 15
2151 37
2152 65 15
2153 15
2154 27 15 50 87
2155 36 73
2156 65
2157 65 17 73
2158 15 63 41 64 76 58
2159 65
2160 65
2161 65
2162 15
2163 15
2164 65 17 21
2165 65 73
2166 15
2167 31 43 21
2168 65
2169 15 43 65 17
2170 15
2171 15
2172 15
2173 15 38
2174 65
2175 15
2176 15 69 34 59
2177 65 87 15
2178 15
2179 15
2180 21 25 17 87 23
2181 15
2182 15
2183 15
2184 27 31 73 15
2185 83 25 17 38 36
2186 15
2187 15
2188 65
2189 15
2190 15
2191 15
2192 15
2193 73
2194 65 15
2195 65 42
2196 26 27 31 73 86 91 21 62 16 34 57 87 44 56 41 30 32 17 35 58 23
2197 56 69 21 25 16 17 38 87 58
2198 16 17 84 38 87 35 58
2199 56 25 62 16 38 36 87 84
2200 49 19 43 21 25 34 17 38 72 81 87 58 44
2201 65 25 17 38
2202 21
2203 17 38 36 87 23
2204 25 17 76 44
2205 65
2206 22 21 34 17 38 87 57 76 26
2207 52 65 34 17
2208 62 59 17 38 57 87 58 44
2209 65
2210 25 64 17 23
2211 73 56 65 17 87 91
2212 17
2213 73 17
2214 17
2215 34 17 81 48
2216 19 21 65 17 36 87
2217 74 79 56 21 65 34 17 38 87 76 41
2218 37 83 25 26 31 53 73 91 19 90 21 62 34 57 87 84 56 17 35 41 23
2219 17
2220 31 37 73 17
2221 30 87 17
2222 31 25
2223 25 81 27 31 73 19 34 57 87 84 46 41 17 36 58 23
2224 17
2225 21 25 64 17 87 23
2226 17
2227 17
2228 73 64 17 76
2229 17
2230 65 73 21
2231 41 34 17 77 61 76 24 87
2232 65
2233 56 21
2234 19 56 65 34 17 36 87
2235 65 17
2236 21 65 17 38
2237 21 25 17 38 77 76 41 87
2238 17
2239 19 75 21 17 87 36 76 24
2240 25
2241 25 21 17
2242 31 86 73 21
2243 38 86 73 19 21 34 57 87 46 33 66 56 17 35 41
2244 17
2245 92 37 17
2246 73 17 87 58
2247 87 64 17
2248 73 56 64 59 17 60 41 23
2249 86 65 17 87
2250 56 25 64 17 87 76 84
2251 43 29 65 17 84 38 87 72 76 41 26 46
2252 25 78 17 35
2253 31 78 17 38
2254 91 56 93 21 62 78 17 38 36 81 87 84
2255 81 73 82
2256 73
2257 65 25 17
2258 73 86 43 25 51 30 17 38 87 36 76 41 26
2259 75 25 81 26 27 31 73 21 39 34 72 87 66 17 58
2260 27 73 25 34
2261 73 82 17 87 36 76 44
2262 86 17
2263 17 84 87 76 58
2264 65 25
2265 17
2266 42 17 38 58
2267 17
2268 17
2269 18
2270 21 87 22
2271 65 25 64 81 87
2272 38
2273 19 43 21 50
2274 56 64 87
2275 21
2276 74 21 25
2277 74 21 25
2278 65
2279 21
2280 86 73 56 21
2281 21
2282 21
2283 21
2284 21
2285 21
2286 21 22
2287 91 21 25 34 87 36 76 41 26
2288 86 21
2289 21 65 38 87
2290 73 21 65
2291 65 21 25
2292 68 21
2293 21
2294 21
2295 65 53 21
2296 21 64 38
2297 73 21 51 64
2298 73
2299 21
2300 73 21 87
2301 21
2302 21 65
2303 56 21 34 87
2304 56 21 25
2305 38 81 57 87 58 26
2306 21
2307 21
2308 21
2309 21
2310 65 73 25
2311 23
2312 23
2313 23
2314 73 65 38
2315 36 65
2316 73
2317 36 44
2318 38 81 87 23
2319 26
2320 73
2321 87 38
2322 65 34 87 24
2323 87 24
2324 25
2325 31 73 25 28
2326 31 25 41 87
2327 31 73 25 87
2328 25 38
2329 31 73 25
2330 25
2331 56 25 41
2332 25
2333 25
2334 26
2335 65 62 59 57 60 26
2336 26
2337 56 62 36 26
2338 36 52
2339 87
2340 56 69 34 87 26 71 44 46
2341 87
2342 65
2343 55 29
2344 29
2345 52 30 87 58
2346 31
2347 63 32 87 76 41 44
2348 31 56
2349 31 35 78
2350 31 65
2351 31 65
2352 66 87 76 41
2353 31 73 65 38
2354 31 73
2355 66
2356 34
2357 58
2358 65
2359 56
2360 52 64 87
2361 65
2362 34 38 61 72 60
2363 58
2364 74 73
2365 73 47 43 65 34 38 87
2366 35
2367 36 73
2368 36
2369 36
2370 36
2371 36
2372 90 62 59 50 87 36 60 58
2373 36
2374 36 73
2375 36
2376 37
2377 37
2378 65
2379 38
2380 38
2381 65
2382 89 87 58
2383 73 65
2384 53 63
2385 38
2386 41 50 38 93 58
2387 65
2388 38
2389 65
2390 38
2391 87
2392 38
2393 38
2394 43
2395 38
2396 87 65 38
2397 76
2398 65
2399 87 38
2400 38
2401 73
2402 38
2403 73
2404 56
2405 38
2406 38
2407 90
2408 38
2409 76
2410 41
2411 56 73 84
2412 74 65
2413 69 87
2414 62 60
2415 43
2416 44
2417 65 76
2418 76
2419 52 73
2420 49
2421 51
2422 51
2423 52
2424 53
2425 53
2426 55 62 61 57 60
2427 56
2428 56
2429 56
2430 56
2431 56
2432 61 57 60 58
2433 57
2434 57
2435 73 65
2436 58
2437 73
2438 74 73 87
2439 74 73 92 87
2440 86 65 76
2441 73
2442 63
2443 64
2444 87 65
2445 65
2446 64
2447 64
2448 65
2449 64
2450 64
2451 64
2452 64
2453 65
2454 64
2455 64
2456 64
2457 64
2458 76
2459 64
2460 64
2461 64
2462 64
2463 64
2464 73 65
2465 64
2466 65
2467 65
2468 65
2469 65
2470 65
2471 65
2472 65
2473 65
2474 65
2475 65
2476 65
2477 65
2478 65
2479 65
2480 65
2481 65
2482 65
2483 65
2484 65
2485 65
2486 65
2487 65
2488 65
2489 65
2490 73
2491 65
2492 65
2493 65
2494 65
2495 65
2496 86
2497 65
2498 65
2499 65
2500 65
2501 65
2502 65
2503 65
2504 73
2505 65
2506 65
2507 65
2508 65
2509 65
2510 65
2511 65
2512 65
2513 65
2514 65
2515 86 73
2516 65
2517 65
2518 65
2519 65
2520 65
2521 65
2522 65
2523 65
2524 65
2525 87
2526 72
2527 72
2528 73
2529 73
2530 73
2531 73
2532 73
2533 73
2534 73
2535 73
2536 73
2537 73
2538 73
2539 73
2540 73
2541 73
2542 73
2543 73
2544 73
2545 73
2546 73
2547 73
2548 73
2549 73 82
2550 73
2551 73
2552 73
2553 73
2554 74
2555 74
2556 76
2557 76
2558 76
2559 86
2560 87
2561 87
2562 87
2563 87
2564 87
2565 87
2566 87
