0 6 4 0 5 73 66
1 3 0 12 58
2 6 38 0 5 73
3 5
4 0
5 0
6 0
7 0
8 0
9 0
10 15 6 4 12 5
11 56 6 12 5
12 62 55 56 65 61 3 6 12 5 73 58 8
13 58
14 26 73
15 6 38 5 73
16 25 21 12 36 73
17 9 2 34 15
18 17 53 21 6 44 25 72 73 58
19 12 3
20 25 43 23 56 74 3 21 13 6 38 12 36 41 73
21 3 9
22 12 3 6
23 3
24 3
25 3 9
26 30
27 3 6
28 9 3 6 82
29 3
30 3
31 3 6
32 23 15 3 12
33 3 6
34 64 3 6 12
35 3
36 3 6
37 26 3 6 12
38 26 3
39 3
40 3 6
41 65 3 6 38 12 5 73
42 15 3 6 5
43 6 12 36 73
44 12 3 6
45 12 3 6
46 74 65 3 32 34 91 83
47 25 3 56
48 17 3 21 6
49 12 3 6
50 19 3 43
51 3 6 4 12 5 58
52 13 6 5 73
53 57 3 6 12
54 15 3 6
55 3 69 6 12 5 8
56 64 5 3 38
57 87 33 3 12
58 3 6
59 3 6 12 5 73
60 12 3
61 3 6 12 5
62 62 61 3 6
63 17 3 13 12
64 3 6 12 5
65 65 3 79 6
66 25 23 15 3 21 6 4 13 12 5
67 12
68 17 23 3 6 12 5 73 76
69 15 3 6 12
70 12
71 3
72 15 3 6 12 5
73 4
74 56 65 15 6 4 38 12
75 25 34 53 15 21 6 4 38 12 5 73 80
76 4 38 12 5 73 8
77 9 12 6
78 4
79 73 4
80 9
81 15 6 4 5
82 62 12
83 10 6 4 12
84 4 13 12 5
85 9 5 6
86 6 4 12 5
87 9 6 4 5
88 64 74 6 38
89 15 6 4 12 5
90 17 10 43 15 4 86 5 73 89
91 5 4
92 6 4 12 5 8
93 4
94 4 12 5 73
95 6 4 10 73
96 25 65 6 4 12 34 73 58
97 6
98 17 56 6 4 12 8
99 9 87 57 4
100 87 62 31 56 57 69 4 67 34 76
101 12 6
102 65 38 4 12 73
103 6 4
104 4 12 5 8
105 5
106 17 6 4 12
107 17 56 15 19 6 4 25 41
108 15 6 4 12 73
109 31 17 6 4 12 5 89
110 15 21 6 4 12 5 8
111 4 44 36 73 9 43 65 76 58 23 15 6 38 25 34 66
112 5 6 73
113 6 25 5 73
114 87 17 23 15 21 6 44 86 12 5
115 12 5
116 12 5 6
117 10 15 6 12 5
118 5 6
119 6 12 5 73
120 12 5
121 12
122 5
123 5
124 15 21 6 12 5
125 12 5
126 10 33 21 6 38 12 5 41
127 87 65 21 6
128 12 5 9
129 87 17 43 65 21 38 5 73
130 74 53 21 6 32 12 5
131 31 25 15 28 21 6 12 5
132 56 5 6
133 56 5 6
134 5
135 15
136 5
137 5
138 5
139 5
140 15
141 12 5
142 5
143 38 12 5 73
144 38 12 5 73
145 5 43
146 12 5 31
147 5 17 65
148 5 87 6 38
149 5
150 25
151 5
152 5
153 12 5
154 12 5 6
155 5
156 5
157 5
158 5
159 5
160 5
161 21 6 12 5
162 5
163 21 12 5 8
164 31 15 6 12 5
165 6 12 5 73
166 5 6 38
167 12 5 6
168 12 5 10
169 15 6 38 12
170 5
171 5
172 5 6
173 12 5 6
174 65 15 12 5 76
175 12 5
176 12 5 6
177 12 5 37
178 12 5
179 12 5 6
180 12 5
181 12 5
182 12 5
183 10 15 6 12
184 12 5
185 5 6
186 12 5
187 9 65 6 12
188 25 5
189 12
190 17 65 6 5
191 6 12 5 73 58
192 5 6
193 5 6
194 65 15 6 5
195 12 5
196 5
197 73 5 6
198 5 6 65
199 64 65 44 12
200 12 5
201 5
202 15 12 5
203 5
204 12 5
205 5 6 73
206 5 6
207 5
208 5 9
209 5
210 12 5 73 58
211 5
212 15 5
213 15 5
214 43 15 6 12 5 73
215 65 15 14 38 5 81 73
216 5
217 5
218 5
219 5
220 5
221 5 38
222 5
223 84 31 17 5
224 5 6
225 5 17
226 17 65 15 21 6 12 5 73
227 17 10 6 38 12 5 73
228 56 6 12 5
229 6 25 5 73
230 65 34 93 12 5
231 15 87 5
232 12 5 6
233 5
234 87 5 31
235 25
236 5
237 5
238 12 5
239 33 5 6
240 31 17 56 21 6 38 12 5 73
241 12 5 6
242 10 65 6 12 5 8
243 12
244 5
245 12 5 31
246 31 17 56 65 86 37 5 73
247 12 5
248 5
249 5
250 5
251 5 6
252 5
253 17 10 6 38 5 73
254 5
255 5
256 5
257 12 5 13
258 65 57 21 6
259 65 15 6 12
260 74 34 23 65 21 6 86 12 5 73
261 5 9
262 12 5
263 13 5
264 5
265 13 6 12 5
266 52 5 6
267 17 53 65 15 14 12 5 27
268 31 17 43 15 21 69 6 38 25 5 81 76 8
269 12 5 10
270 12 5
271 87 5 6
272 53 19 28 21 6 37 12 5 73 70
273 6 38 82 5 8
274 12 5 6
275 9 65 15 6
276 12 5 6
277 10 6 12 5
278 9 87 6 86
279 9 71 6 12
280 23 6 38 12 5 58
281 36 65 6 12
282 26 10 6 12
283 5
284 9 21 6 38
285 15 5
286 5
287 5
288 5
289 12
290 12 5 6
291 12 5 6
292 5
293 34 69 6 37 5 73
294 12 5 65
295 12
296 12
297 15 5
298 5
299 12 5 6
300 17 65 34 21
301 5
302 12 93 6 37
303 12 5
304 87 12
305 15 6 12 5
306 5
307 5 6
308 5
309 5 6 9
310 15 5
311 15 12 5
312 12
313 12
314 12 5
315 15 6 12 5
316 10 65 6 12
317 12
318 43 15 6 12
319 65 6 38 44 12 5 76 27
320 12 5
321 9 6 12 5
322 17 10 6 34 73
323 65 6 38 12
324 87 6 38 12
325 12 5 6
326 12 5 6
327 12 5 6
328 64 25 6 12
329 15 6 45 44 5 81 76 8
330 17 25 65 15 6 12 5 73
331 25 13 6 44 12 5 73 76
332 6 38 12 5 81 73 76
333 87 74 10 15 6 12 5 89
334 15
335 65 14 6 12 5 73
336 31 34 23 65 12 5 73 76 27
337 87 17 65 25 5
338 25 34 65 6 82 12 5 75
339 17 34 65 15 6 12 5 73 58
340 17 25 6 38 86 12 5 58
341 12 5
342 65 6 32 12
343 21 12 5 68 27
344 34 12 5 73
345 17 25 65 6 12 5 58 83
346 74 65 34 69 82 86 5
347 67 12 5 76
348 17 25 57 19 54 21 6 12 5 41 73
349 5 43
350 21 6 12 5
351 12
352 5
353 9 65 6 12 5 73 8
354 5
355 41 17 74 33 44 12 73 76 71 31 23 6 38 25 34
356 15 12 5
357 12 5
358 51 10 33 6
359 9 69 6 12
360 65 15 6 12 5
361 5
362 12 5
363 12 5
364 64 5 6
365 64 26 87 12
366 5
367 12 5 6
368 12 5
369 64 36 9 12
370 5
371 15 12 5
372 34 21 6 12 5
373 56 10 34 6
374 10 65 15 38
375 10 6 12 5
376 65 19 21 6 12 5 73
377 17 57 33 6 38 12 5
378 74 34 57 28 21 6 82 44 5 41 73
379 15 5
380 87 25 34 19 21 6 86 12 5 41 73 76
381 12 5 6
382 5 10
383 12 5 10
384 12 5
385 12 5
386 12
387 65 57 12 5
388 12
389 5
390 43 57 21 6 12 5 41
391 5
392 26 87 56 34 76 44 25 5 73 58
393 5
394 6 12 5 73 58
395 12 5
396 65 6 82 5 41
397 5
398 5 6 65
399 5
400 65 15 6 12 5
401 5 6
402 5
403 34 57 65 76 82 44 86 12 5 81 73 70
404 64 65 6 12
405 12 5
406 57 6 12 5
407 12 5 91 8
408 87 5
409 15 5
410 9 15 6 12
411 12 5
412 65 6 12 5
413 12 5
414 36 6 12 5
415 12 5
416 12 5 6
417 5 6
418 12
419 5
420 57 6 12 5
421 23 19 21 38 5 73
422 9 23 15 5
423 12 5
424 5 65 9
425 5
426 6 12 5 73
427 5 9
428 5 73
429 56 65 6 60 12 5 41
430 15 5 6
431 5
432 10 65 6 12
433 12
434 15 6 12 5
435 5
436 12
437 74 69 5 73
438 12 5 6
439 64 9 6 12
440 64 65 6 12
441 12 5 9
442 5
443 5 6 10
444 15 6 5 8
445 12 5 76
446 6 12 5 91
447 6 12 5 73
448 9 87 65 12
449 74 65 6 5
450 12
451 6 12 5 73
452 12 5 6
453 65 6 25 5
454 12
455 12 5 6
456 56 6 12 5
457 5
458 5 38
459 5
460 23 21 6 12 5 58
461 36 9 87 5
462 5 6 17
463 9 15 6 12
464 12 5
465 64 9 6 12
466 12 5 6
467 6 86 12 5
468 43 6 38 5 73
469 19 21 12 5 73
470 12 5 65
471 5
472 5
473 65 6 82 12 5
474 5 14 9
475 5 65 9
476 87 65 15 21 6 12 5 73
477 53 25 65 6 12 5
478 25 34 65 15 33 21 6 12 5
479 19 25 5
480 12 5
481 17 74 21 5 58
482 15 6 12 5 73
483 6 14 12 5 73
484 5
485 15 12 5 73
486 15 5 36
487 53 74 14 38 86 34
488 5
489 65 15 6 5
490 72 14 6 12
491 43 53 56 57 65 21 6 12 5 41 27 8
492 12 5
493 25 5 81
494 87 17 43 74 23 21 14 38 25 5 81 76 27
495 5
496 5 6 38
497 6 12 5 73
498 31 34 65 6 5 8
499 5 6
500 15 5 6
501 12
502 65 6 35 12
503 64 9 65 6
504 15 6 12 5 41
505 17 15 6 12
506 15 21 6 5
507 5
508 56 5 6
509 5 6
510 12 5 9
511 12 5
512 5 9
513 15 12
514 5 9 65
515 6 38 44 5 73
516 65 23 79 6 38 12 5 73
517 87 65 21 6
518 5
519 5 6
520 64 65 15 6
521 5
522 5 6
523 26 87 21 6
524 12 5
525 12 5 6
526 56 10 6 38 12 5
527 6 38 12 5
528 5
529 5 6 9
530 17 25 34 65 19 74 21 6 12 5 41 73
531 15 21 6 5
532 19 6 12 5 8
533 19 25 5
534 5
535 5 6
536 87 17 65 6
537 62 25
538 15 5 65
539 9 21 6 12
540 34 15 6 12
541 5 6
542 5 6 73
543 12 5 6
544 20 5 6
545 56 21 6 25 5
546 5
547 5 6 9
548 15 12
549 5 6
550 5 6
551 52 5 38
552 17 6 12 5
553 5 6
554 5
555 12 5
556 12
557 87 31 17 65 6 5
558 17 21 6 12
559 12 5
560 17 10 21 6
561 5 6
562 19 21 6 38 12 5
563 65 6 12 5
564 6 38 12 5
565 19 21 6 12 5
566 65 21 6 25 5
567 5 6
568 56 17 65 6
569 10 6 60 25 5 58
570 12 5
571 17 6 5 58
572 5 6
573 5
574 64 19 6 38
575 12 5
576 38 5 9
577 87 5
578 5 35 6
579 12 5 73 8
580 12 5
581 15 21 6 25 5 41
582 5
583 5
584 5
585 64 65 6 12
586 5 6
587 15 12 5
588 17 10 6 38
589 5 6 9
590 87 12 5
591 5
592 13 6 12 5
593 15 6 13 5
594 17 56 65 74 15 19 21 6 38 12 5 76 77
595 5 6 9
596 86 5 41 73
597 74 65 19 28 21 6 5 73
598 34 19 21 5 73
599 16 65 6 12
600 23 50 6 86 12 5 73
601 65 21 6 38 25 5
602 65 6 12 5
603 65 15 50 21 24 6 44 12 5 41 73
604 5 6
605 5
606 5 6 10
607 5
608 12 5
609 34 6 12 5
610 5 56
611 15 5
612 5
613 72 33 6 82
614 9 53 15 5
615 5
616 5
617 5
618 21 86 25 5
619 12 5
620 62 15 6 12
621 5 6 9
622 12 5 6
623 5
624 28 6 38 5
625 87 17 43 34 56 19 21 6 25 5 73
626 5
627 19 6 38 5
628 5 65
629 5
630 5 43 38
631 15
632 53 65 15 6 38 12 5
633 9 65 15 6
634 15 6 5 8
635 21 6 38 5 73
636 5
637 93 38 5 41 8
638 43 65 19 6 38 5 73 58
639 5 6
640 64 19 6 12
641 9 65 6 12
642 5 65
643 15 12 5
644 74 34 57 65 6 12 5 41 73 58
645 65 57 21 6 25 5 73
646 15 5 6
647 12 5
648 34 6 38 12 5 41 73 76
649 5 41 6
650 19 6 86 5
651 5 6
652 5 6
653 15 5
654 38 5 6
655 15 5 6
656 5
657 87 65 6 5
658 12 5 17
659 53 61 21 6 38 86 12 5 73 58 29 48
660 12
661 19 21 6 12 5 73
662 6 38 25 5 29
663 5
664 87 22 21 5
665 65 6 12 5
666 5
667 5
668 65 15 6 12
669 5
670 73 5 6
671 56 65 6 12
672 53 61 5 58
673 62 10 6 38 12 5
674 5
675 5
676 5 6
677 15 12 5
678 5 6
679 5
680 62 5 6
681 12 5
682 57 6 38 12 5 41 27
683 5 6 9
684 5 6
685 45 60 5 58
686 5 34
687 9 6 12 5
688 12 5 6
689 5 36
690 52 5
691 5 17
692 12 5 6
693 65 21 38 44 12 5 73 58
694 5
695 12 5
696 56 10 74 6 12 5
697 87 31 65 38
698 5
699 58 5 6
700 5 31
701 5
702 5 10
703 9 34 6 5
704 43 61 44 5 73 76
705 15 38 5 73
706 5 6
707 50 6 38 12 5 66 75
708 5
709 87 10 15 38 12 5
710 38 5 6
711 5 6
712 87 53 65 38 44 86 5 73
713 26 5 17
714 55 56 6 38 12 5 58
715 87 5 6
716 6 12 5 91
717 87 5 68
718 5
719 6 35 12 5
720 56 62 5
721 12 5 6
722 12 5 6
723 56 12 5
724 87 5
725 21 6 5 81 48
726 56 65 6 12
727 17 19 21 6 32 25 5
728 31 17 6 38 5 27
729 6 5 58 8
730 87 31 17 15 21 6 76 32 5 42
731 5 6
732 5 6
733 5
734 5
735 15 5
736 5
737 5 6
738 5 6
739 15 12
740 74 21 6 25 5 77
741 5
742 5
743 87 17 56 57 19 6 35 5 81 73 58
744 5 6
745 5
746 5
747 5
748 15 5 6
749 87 17 10 53 23 6 5 66
750 12 5 17
751 5
752 12 5 17
753 5 6
754 12 5 6
755 5 6
756 65 6 38 5
757 15
758 5
759 5
760 12 5
761 12 5 6
762 5 6
763 19 28 38 35 25 5 73 76 77
764 5
765 5
766 50 6 12 5
767 5 6
768 5
769 5
770 5
771 12 5
772 71 34 15 6 86 5
773 21 6 5 73
774 5 73
775 17 19 6 5
776 87 62 5
777 5 6
778 12 5 6
779 12
780 12 5 73
781 5
782 26 17 6 12 5 58
783 25 12 5 41
784 5
785 12 5 6
786 15 76 44 12 5 58
787 5
788 62 71 31 17 74 65 5
789 6 12 5 41
790 5
791 10 6 38 12 5 41 73 58
792 38 5 73 76
793 5 6
794 12 5
795 26 5 41
796 5 6
797 5
798 15 5 73
799 9 87 15 6
800 12 5 58 8
801 12 5 6
802 17 79 38 12
803 53 13 6 38 12 5 58
804 12
805 12
806 5
807 5
808 12 5
809 5
810 26 12
811 5
812 73 5 6
813 5
814 5 6
815 5 31 74
816 5
817 5
818 73 5 6
819 5
820 5
821 17 65 19 38 5 73
822 65 15 6 12 5 8
823 12 5
824 5
825 15 5 65
826 5
827 9 65 6 12
828 5
829 15 5 52
830 12
831 19 12 5 73 27
832 62 17 43 56 21 6 25 5
833 5
834 31 17 10 56 6 60 12 5
835 5
836 12 5
837 5
838 6 12 5 73
839 65 15 6 12
840 15 5
841 12 5
842 5
843 15 5
844 5 6
845 26 65 12 5
846 12 5 10
847 9 15 6 12
848 12 5
849 61 6 49 5
850 34 19 12 5
851 43 19 21 5
852 6 44 5 73
853 65 6 5 41
854 21 38 5 73
855 5
856 5
857 5
858 5
859 65 19 21 69 6 5 73
860 5
861 10 6 73
862 73 6 38
863 19 6 72 8
864 15 19 6 12 10 73
865 73 6 9
866 21 6 38 12 73 58
867 31 17 43 65 33 6 12 41 73 27
868 31 17 21 6
869 6
870 87 6 17
871 17 23 6 38 12 34
872 43 53 56 15 30 6 86 12 10 73 27
873 19 10 6
874 6
875 73
876 6 9
877 17 25 56 65 21 6 12 10 41 73
878 65 15 28 6 73
879 25 56 6 12 10 73
880 15
881 65 15 21 13 6 12 73 80
882 87 43 56 65 21 69 6 38 44 12 10 90
883 43 21 6 25 10
884 12 21
885 12 6
886 6
887 21
888 12
889 15 6 12 72 58
890 25 19 24 6 32 12 8
891 87 12 6
892 25 21 6 86 12 73
893 26 31 74 65 15 6 12 34
894 15 19 21 6 12
895 12 6
896 6 36 73 66
897 26 25 73
898 17 65 15 6
899 17 28 30 69 6 73 27 8
900 31 56 25 21 6 12 36 81
901 15 6 12 72
902 17 21 6 25 10
903 87 17 25 65 15 21 6 12
904 21 14 6 37 76 12 10 58 75
905 12 6
906 17 21 6 12
907 12 6 65
908 65 21 6 81 73
909 53 57 33 60 12 36 73 9 65 19 10 27 75 56 15 6 38
910 17 25 56 65 19 21 6 38 12 81 73 27
911 12 6
912 17 25 15 21 6 12
913 87 17 65 24 69 6 81 73 76
914 62 6
915 56 19 21 37 6 38 25 72
916 21 6 12 58
917 15 6 10 91
918 6
919 6
920 6
921 22 15 21 6 25
922 6
923 6
924 13
925 10 6
926 12
927 87 34 6
928 6 9
929 6
930 62 12
931 25
932 6
933 15 12
934 55 6 60 58
935 12
936 12 64 6
937 6
938 10
939 23 57 21 69 6 38 44 49 73 58
940 6
941 87 21 6
942 25 6 37 81
943 6
944 6
945 50 6 65
946 6
947 6
948 6
949 65 6 44 12 58
950 31 6 73 58
951 6
952 6
953 15 21 6 12
954 73 6
955 31 6 65
956 6
957 15
958 6
959 6
960 10
961 10 6
962 6
963 53 56 13 6 76 60 12 73 58 27
964 6
965 64 65 15 6
966 6
967 12
968 6
969 6
970 15 64 6
971 23 6 86 10
972 6
973 51
974 65 15 6 12
975 6
976 6
977 87 6
978 6
979 9 74 6 12
980 10 6 73
981 63 64 9 6
982 6
983 6
984 15 12
985 21 6 38 10 58
986 6
987 6
988 12 10
989 86 12 34 58
990 6
991 6
992 6
993 6
994 15
995 6
996 6
997 64
998 34 6
999 6
1000 12
1001 73
1002 6
1003 6
1004 87 12
1005 15 6
1006 6
1007 6
1008 6
1009 6
1010 6
1011 6
1012 6
1013 6
1014 65 15 19 21 6
1015 17 21 6 41
1016 6
1017 17 69 6 86
1018 12 6
1019 6
1020 6
1021 81 6 9
1022 21 6 65
1023 87 12 6
1024 15
1025 12
1026 12
1027 6
1028 65 19 6 25
1029 87 31 23 6
1030 17 65 15 19 21 6
1031 31 17 19 28 6 37 25 34
1032 17 65 6 38
1033 15
1034 65 19 21 6
1035 87 6 17
1036 73 6 17
1037 56 65 23 6 38 12 10
1038 6
1039 6
1040 6
1041 12
1042 25 65 19 21 6 12 8
1043 15
1044 6
1045 12 6
1046 6
1047 6
1048 64 65 6 12
1049 10 6
1050 6
1051 17 43 21 6 25 73
1052 6 12 34 73
1053 56 21 13 6 25 73
1054 17 23 30 6 12 73 89
1055 6
1056 6
1057 6
1058 6
1059 6 38
1060 17 25 65 15 19 21 6 86 12 34 76
1061 14 6 38 49 76 12 34 73 58
1062 15 6
1063 87 34 57 6 10 73
1064 12
1065 23 6 37 76
1066 73 6
1067 6
1068 38 35 37 66
1069 6
1070 73
1071 6
1072 10 6
1073 12 6
1074 6 38
1075 17 6 38 12 34 73 90
1076 13 12 73
1077 12
1078 12
1079 38 12 36 73
1080 6
1081 6
1082 12 73
1083 64 6
1084 6
1085 6
1086 87 31
1087 15 6 86 12 10 73
1088 15
1089 15 6
1090 6
1091 9 65 6 12
1092 12
1093 25 73 6
1094 15 12 6
1095 12
1096 87 17 6 10
1097 25 65 6 12
1098 15 6
1099 69 6 12 10
1100 6
1101 64 15 21 6
1102 12
1103 12
1104 12 6
1105 12 6
1106 9 6 38 12
1107 31 74 65 6
1108 6
1109 6
1110 46 9 87 6
1111 87 6
1112 71
1113 41 6
1114 17 65 13 6
1115 6
1116 6
1117 6
1118 6
1119 6
1120 92 6
1121 10
1122 6
1123 69 31 6
1124 41 6 76
1125 6
1126 15
1127 6
1128 15 10
1129 12 10
1130 13 10 6
1131 12
1132 56 6 38 12 10 73 76
1133 87 74 15 6
1134 12 73 6
1135 6
1136 17 65 6 76 86 73 58
1137 65 15 6 44 12 10 73
1138 10 6
1139 12 10 6
1140 9 17 15 6 12 73 58
1141 9 65 15 6
1142 17 25 33 6 38 12 34 41 73 91 27 8
1143 6
1144 17 53 74 15 33 21 6 38 12 10 81 73 76 8
1145 17 53 56 61 65 6 12 73 42
1146 6 12 36 27
1147 12
1148 38 12 73 76
1149 38 12 34 41 73
1150 92
1151 21 6 12 73
1152 25 53 65 15 74 21 69 6 12 41 76
1153 17 6 12 41 73
1154 26 87 6 86
1155 6
1156 73 6
1157 12 73
1158 12 14
1159 84 87 15 6
1160 87 6 86 12
1161 17 43 6 12 36
1162 15 6 44 12 10 73 58
1163 6
1164 79 6 49 34
1165 13 6 12 73
1166 73 6
1167 17 6 38 12
1168 12 6
1169 64 9 25 6
1170 25 10
1171 15 10 6
1172 74 25 6 44 12 76
1173 12 6
1174 12
1175 74 65 69 6 38 73
1176 86 12 34 91 8
1177 25 65 93 6 12 34
1178 25 65 57 74 21 24 6 37 38 12 41 73 58
1179 6 58
1180 25 43 65 74 24 6 12 34 41 76
1181 12
1182 15 79 6 38 12 42 66
1183 17 56 65 50 6 76 12 34 41 73 58
1184 69 6 38 10
1185 17 15 69 6 86 12 34
1186 6
1187 6
1188 6
1189 31 17 6 25
1190 65 6 12 36
1191 12
1192 6
1193 6
1194 17 65 19 21 6 73
1195 6
1196 65 15 6 36
1197 19 21 6 12 76
1198 87 51 23 15 6 34 41 73
1199 6
1200 17 56 74 57 15 21 6 38 35 86 25 34 73
1201 12
1202 43 65 19 21 6 86 12 73
1203 15 87 6
1204 6
1205 12
1206 15 6
1207 63 65 6 38
1208 6
1209 6
1210 6
1211 64 6 9
1212 6
1213 72 6
1214 6
1215 6
1216 64 57 6 12
1217 56 12 6
1218 12 6
1219 6 9
1220 6
1221 64 6
1222 6 34 73 8
1223 12 6
1224 16 87 31 34 57 65 6 38 12 10 73 83
1225 15 12
1226 6
1227 12 64
1228 23 6 67 41 8
1229 6
1230 87 17 23 6 12 58
1231 65 19 6 38 12
1232 17 6 76 12 41 58
1233 23 15 21 6 8
1234 12
1235 10 6
1236 10
1237 15 12
1238 6
1239 31 17 53 15 33 6 41
1240 12 73 6
1241 31 43 65 23 21 6 38 34 41
1242 6
1243 6
1244 12 6
1245 10
1246 64 15 6 25
1247 64 9 15 6
1248 6
1249 6
1250 6
1251 10
1252 60 86 12 83
1253 12 73 6
1254 87 21
1255 15 12 6
1256 17 25 56 65 6 38 12 34
1257 73 21 6
1258 17 65 30 6 12 36 27
1259 13 12
1260 6
1261 12
1262 12
1263 6
1264 73 6
1265 64 6 12 34
1266 25 6
1267 19 21 6
1268 12 6
1269 73 6
1270 12 73
1271 15
1272 19
1273 6 12 10 73
1274 12
1275 43 19 6 38 25
1276 74 17 30 6
1277 12
1278 17 55 56 61 19 6 34 73
1279 87 56 17 6
1280 25 36 31
1281 36
1282 12
1283 17 21 6 38 37 36 73 58
1284 10 6
1285 12 31 6
1286 15
1287 12 6
1288 87 73
1289 46 12
1290 12
1291 6
1292 31 15 6 36
1293 12
1294 6
1295 12 6
1296 93 6 38 12 73 8
1297 15 12 6
1298 64 17 65 6
1299 17 53 56 65 15 69 6 86 12 73 58 8
1300 12
1301 64 34 6 10
1302 65 6 12 10
1303 65 6 12 73 58
1304 12 14
1305 15 12 6
1306 44 12 36 73 72 9 43 19 24 14 76 31 15 6 38 25 34 81 66
1307 14
1308 15 14 6 36
1309 31 17 56 23 19 69 6 37 12 34 81 73 66
1310 12 14
1311 12 14 6
1312 12
1313 64 9 65 6
1314 21 14 6 10 73
1315 87 12 21
1316 12 10 6
1317 12 10
1318 12
1319 17 65 19 6 12
1320 56 74 65 23 6 38 44 12
1321 6 35 12 73 66
1322 56 87 6
1323 6 60 12 58
1324 6
1325 87 25 6
1326 6
1327 19 21 69 6 45 25 73 58
1328 65 15 6 12
1329 9 74 65 6
1330 12
1331 6 65
1332 12
1333 6 65
1334 34 6
1335 43 65 15 6 12
1336 51 56 53 65
1337 87 31 17 19 21 14 6 73
1338 87 17 6 38
1339 15 12 6
1340 17 65 15 19 6 12
1341 12 6
1342 13 12
1343 25 53 56 65 6 38 12 76
1344 74 6 58
1345 6
1346 6
1347 6
1348 44 12 10 73
1349 6
1350 46 65 6 12
1351 12 90 6
1352 12
1353 6 65
1354 19 6 38 12
1355 6
1356 17 65 6 38
1357 65 15 6 12
1358 12 6
1359 6
1360 12
1361 6
1362 6
1363 15 6
1364 12 73 6
1365 64 6
1366 17 25 21 6
1367 87 12 6
1368 12 10 6
1369 12 21 6
1370 6
1371 6 44 12 76
1372 6
1373 12 73 6
1374 65 21 6 25
1375 31 65 6 12
1376 12 6
1377 6 65
1378 24 6
1379 12 10 31
1380 9 15 21 6
1381 87 64 6
1382 87 21
1383 87 6
1384 10 36 6
1385 15 6 65
1386 25 22 53 6 12 41 8
1387 6
1388 15
1389 6 38
1390 6
1391 6
1392 36 6
1393 15 10 6
1394 10 31 6
1395 6
1396 21 6 38 86 12 34 73 76
1397 87 12
1398 15 6
1399 6
1400 21 6
1401 19 87
1402 43 15 21 6 25
1403 6
1404 64 9 6 12
1405 6
1406 12 64 6
1407 15 21 6 12
1408 15 64 6
1409 87 65 6 38
1410 6
1411 6
1412 69 6 12 73
1413 87 10
1414 12
1415 6
1416 6
1417 6
1418 12 6 38
1419 64 65 23 6
1420 10
1421 43 6 38 58
1422 6
1423 12
1424 6
1425 6 38
1426 6 9
1427 6
1428 56
1429 6
1430 6
1431 6
1432 82 6
1433 6
1434 6
1435 6
1436 87 62 6
1437 64 6
1438 6
1439 12 21
1440 21 6 38 86 73
1441 6 65
1442 12 6
1443 51 21 69 6 38 76 12 41 81 73 42
1444 15 6
1445 6
1446 12
1447 6
1448 12 10
1449 9 87 65 30
1450 12 10
1451 43 56 19 6 38 12 36 73
1452 6
1453 6
1454 6
1455 6
1456 6
1457 6 60 12 10
1458 87 6 12 73
1459 69 6
1460 12
1461 87 12 6
1462 12 64
1463 12
1464 13 12
1465 6
1466 15 12
1467 12 73
1468 6
1469 6
1470 6
1471 12
1472 6 12 36 73
1473 12 73
1474 12 6 25
1475 12
1476 17 43 6 82 86 34
1477 6
1478 12
1479 17 23 6 72
1480 12
1481 55 56 61 30 6 38 29 58
1482 56 17 6 12 58
1483 9 17 65 15
1484 21
1485 6
1486 15 6 34 73
1487 58 6 53
1488 6
1489 26 23 21 69 6 38 35 25 10 76
1490 6
1491 12 10 58 8
1492 6
1493 12 6
1494 87 37 6
1495 6 38 76 86 10 73 58
1496 10 6
1497 6
1498 65 6 36 91
1499 71 31 6
1500 12 6
1501 12 73 6
1502 12 6
1503 87 21 6 12
1504 10 6
1505 12 10 6
1506 6 86 25 36
1507 12
1508 6 38
1509 12 6
1510 12
1511 15 6
1512 56 90
1513 62 12 6
1514 12 6 9
1515 17 43 55 56 57 33 61 69 13 6 12 34 41 73
1516 17 23 6 37 58
1517 65 50 33 6
1518 57 6 12 10
1519 6
1520 12 73 6
1521 71 92 6
1522 6
1523 9 57 6 12
1524 12 6
1525 6 38 25 73 66
1526 15 38 6
1527 12 64
1528 31 17 53 55 56 6 12
1529 9 65 21 6
1530 73 6 65
1531 21 6 34 73
1532 56 17 65 6 38 73
1533 65 23 19 21 6 82 86 34 81 73
1534 12 6
1535 87
1536 15 87 6
1537 15 6
1538 21 6 12 73
1539 15 21 6 12 36
1540 87 71 65 6 38 12
1541 6
1542 6
1543 6
1544 65 15 6 12
1545 87 6
1546 12 6 9
1547 12 64
1548 12
1549 12 6
1550 12
1551 6
1552 12 6
1553 12 6
1554 6
1555 19 6 12 73 77
1556 19 12 6
1557 17 22 19 21 6 91 83
1558 12 6
1559 23 6 12 10 73
1560 17 65 15 6 72 8
1561 73 10 6
1562 15
1563 87 6
1564 64 21 6 12
1565 15 12 6
1566 6 38 12 34 73 83
1567 6
1568 12 6
1569 10 6
1570 43 25 21 6 12 81
1571 52 6 9
1572 10 6 65
1573 15 12 6
1574 65 15 6 86 12 73 76 8
1575 21 6 25 10 73
1576 17 6 10 73
1577 6
1578 15
1579 19
1580 56 43 6 73
1581 12 73 6
1582 15 12
1583 21 6 38 25
1584 34 6 65
1585 26 6
1586 6
1587 87 38 6
1588 56 61 15 6 34 73 58 27
1589 87 23 21 6
1590 19 12
1591 56 28 69 6 86 34 73
1592 87 12 6
1593 6
1594 31 17 23 21 6
1595 15 12
1596 87 17 6 38 81
1597 12 6
1598 15
1599 56 17 6 27
1600 56
1601 87 12 6
1602 15
1603 53 23 15 6 38 34 73
1604 6
1605 87 25
1606 6
1607 6
1608 12 73
1609 12 6 27
1610 10 6 73
1611 64
1612 6
1613 21 6
1614 63 84 17 53 74 50 33 79 44 36 73 52 43 19 30 76 27 31 56 23 6 38 35 25 34 66
1615 19 73
1616 6
1617 6
1618 6
1619 22 21 6 73
1620 6
1621 10
1622 6 65
1623 6
1624 13 64 6
1625 87
1626 36 6 73
1627 25 53 74 19 21 6 12 73
1628 34 31 6
1629 64 87 17 6
1630 16 17 6 12
1631 53 23 57 21 6 38 25 73 68
1632 87 73 6
1633 25 6
1634 25 15 6 86 12 73 77
1635 17 21 69 6 82 44 86 41 73 76 27
1636 31 17 25 23 6 76 12 58
1637 6
1638 12 6 9
1639 6
1640 6
1641 6
1642 53 57 33 44 67 73 42 52 62 30 82 90 58 76 71 31 55 6 38 32 25 34 91
1643 6 44 72 73
1644 6
1645 6 9
1646 15 12 10
1647 62 58 6
1648 6
1649 25 65 21 6
1650 6 38
1651 36 6 17
1652 6
1653 15 6
1654 17 25 56 21 6 12
1655 56 34 6 10
1656 17 6 12 73
1657 12 6 65
1658 6 12 90 73
1659 65 15 6 12
1660 12 10
1661 12 10
1662 15 12
1663 12 6
1664 31 6 38 12
1665 25 74 21 6 12 34 81 75
1666 12 6
1667 43 69 6 38 44 73
1668 25 53 57 15 6 12 36 73 76
1669 51 17 65 69 13 6 76 35 37 73 58
1670 73 31 6
1671 17 25 56 57 15 13 6 38 60 12 34 73
1672 65 15 14 6 38 10 90
1673 56 65 15 6 12 73 76
1674 56 6
1675 12 6
1676 12 10 73 27
1677 21
1678 12 64 6
1679 34 19 21 6 10
1680 6
1681 6
1682 6 9
1683 6
1684 6
1685 15 30
1686 56 73
1687 13 12 64
1688 12
1689 31 17 65 6 38 36 73 76
1690 6
1691 6 36 41 73
1692 17 53 6 72
1693 56 15 6 38 12 73 76
1694 19 6 12 73
1695 17 65 30 21 69 6 38 25 41 81 73 76
1696 56 57 6 86
1697 17 74 19 21 6 12 34
1698 6
1699 64 6
1700 12
1701 65 21 6 12
1702 21 6 38 12 10 73
1703 15 12
1704 87 6 65
1705 12 6
1706 64 6 65
1707 69
1708 25 65 21 6
1709 12 73
1710 41 17 53 74 12 36 73 83 19 76 58 27 31 6 38 25 72
1711 12 6 9
1712 15 10
1713 17 43 21 38 86 12 73
1714 31 7 17 56 21 38 73
1715 15 12 64
1716 74 21 12 73
1717 12
1718 73 65
1719 64 65 15 76
1720 12 65
1721 9
1722 38
1723 56 74 57 38 73 58 8
1724 65 57 60 76 8
1725 17
1726 31 17 25 73 27 8
1727 87 12 74
1728 38 41 42 8
1729 76 65
1730 64
1731 8
1732 64 73 76
1733 10 34
1734 21 12 34 8
1735 17 15 44 73
1736 8
1737 15 25 87
1738 23 15 69 38 12 72 80
1739 9
1740 87 31 17 23 19 21 69 38 25 34 41 73
1741 15 21 73 58
1742 43 15 21 38 44 36
1743 87 17 74 65 15 28 21 25 34 73 75
1744 65 21 12 73
1745 10 73
1746 22 19 50 21 13
1747 9
1748 9
1749 10 9
1750 10
1751 38 86 12 36 73
1752 65 14 38 44 76
1753 87 17 56 65 57 21 69 38 12 81 73 76 48
1754 12 9
1755 9
1756 12 9
1757 9 85 17 65
1758 53 65 19 21 38 12 34
1759 9
1760 38 31 9
1761 15 9
1762 65 15 33 38 12 73
1763 15 21 14 86
1764 56 65 15 40
1765 9
1766 12
1767 41 9
1768 9
1769 9
1770 15 73 56
1771 10
1772 13
1773 64 9 65 15
1774 14
1775 31 65 15 12 58 27
1776 87 31 65 10 73 76
1777 12 14
1778 9 56 17 86
1779 15
1780 9
1781 10
1782 9
1783 64 14
1784 9
1785 15 64 9
1786 21
1787 64
1788 9
1789 15
1790 25 43 65 19 21 14 12 34
1791 9 87 31 17 65 19 21 25 34 77
1792 19 87 64
1793 15 87 64
1794 15 9
1795 85 87 37 67 12 10 41
1796 9
1797 64 9
1798 56 65 19 12 73
1799 9
1800 12
1801 12 41 9
1802 43 65 12 34
1803 9 17 38 25
1804 9 23 38 12
1805 51 53 19 21 38 44 86 36 41 73
1806 15
1807 9
1808 15 12
1809 17 43 55 28 21 93 86 25 29
1810 10
1811 64
1812 38 12 90 73
1813 9
1814 52 38 73
1815 9 65 24 86
1816 64 9
1817 9 87 17 53
1818 15 17
1819 62 56 17 57 69 44 73 76
1820 46 9 17 53
1821 87 33 36 73
1822 28 37 12 34 73
1823 9
1824 9
1825 9 23 21 25
1826 9
1827 9
1828 15
1829 15 12 9
1830 9
1831 15
1832 52
1833 9 51 12 73
1834 17
1835 17 53 38 89
1836 9
1837 9
1838 9
1839 55 65 41 73 58
1840 17 15 35 25 76
1841 9 87 24 12 10 73
1842 87 17 65 15 19 21 36
1843 87 74 25 19 21 12 34 27
1844 17 25 19 38 12
1845 53
1846 10
1847 87 25 10
1848 10
1849 10
1850 10
1851 10
1852 10
1853 10
1854 10
1855 10
1856 87 15 21 12
1857 65 12 10 73
1858 43 65 12 10
1859 10
1860 73 10 56
1861 10
1862 10 56
1863 10
1864 10
1865 43 38 10 73 89
1866 10
1867 10
1868 26
1869 12
1870 25 10
1871 10
1872 10
1873 10
1874 10 81 17
1875 15 10
1876 31 17 74 34 23 21 69 76 38 86 10 73 42 66
1877 25
1878 10
1879 15 86 12 10
1880 15 21 38 25
1881 10
1882 10
1883 10
1884 10 38
1885 15 12 10
1886 10
1887 87
1888 10
1889 19 10 17
1890 12 10
1891 10 17 73
1892 10 65
1893 10 31
1894 43 30 21 44 10 76
1895 10
1896 10 17 57
1897 62
1898 15 10
1899 10
1900 10
1901 10
1902 10 73
1903 60 10
1904 15 12 10
1905 10
1906 10
1907 15 10
1908 87 53 65 38
1909 12 10
1910 10
1911 10
1912 64 25 15 12
1913 10
1914 15 12
1915 10
1916 15 10
1917 12 10
1918 10
1919 56 55 12 10
1920 10
1921 11
1922 11
1923 11
1924 11
1925 11
1926 53 14 12 34 73
1927 87 17 15 37 12 41 81
1928 11
1929 11
1930 11
1931 11
1932 11
1933 11
1934 11
1935 65 21 12 73 27
1936 65 21 38 12
1937 65 21 12 73
1938 12
1939 87 12
1940 17 43 21 76 12 36 73 42
1941 74 21 38 12
1942 12
1943 12
1944 12
1945 15 12
1946 15
1947 87 12
1948 12
1949 12
1950 12
1951 12 71
1952 21 60 12 34 73 58
1953 12
1954 12
1955 12
1956 12
1957 17 12 90 73
1958 23 15 21 38 12
1959 12
1960 15 12 17
1961 12 17
1962 12
1963 12
1964 12
1965 12
1966 87 12
1967 53 33 44 12 36 73 43 65 19 30 58 31 56 28 38 32 35 25 34 81
1968 12
1969 12
1970 12
1971 64 56 17 38
1972 12
1973 12
1974 12
1975 12
1976 12
1977 12
1978 15 12
1979 87 12 38
1980 12
1981 12
1982 87 12 41
1983 87 25 53 21 38 12 81 73 76 83
1984 87 31 17 33 21 69 76 38 12 34 73 58 29
1985 12 73 76
1986 12
1987 12
1988 12 34
1989 25 43 33 69 38 44 86 12 36 41 73 76
1990 12 64 31
1991 12 36 43
1992 23 19 57 21 69 38 60 86 12 36 73 58
1993 12
1994 12
1995 17 25 15 38 35 12 73 76
1996 12 38
1997 87 25 65 86
1998 12 42
1999 12
2000 12 58
2001 12
2002 87 43 53 21
2003 12 90 73
2004 12
2005 12
2006 12 64
2007 12
2008 25 21 12 76
2009 31 17 25 56 21 38 32 86 12 73 76 83
2010 12 64
2011 12
2012 17 25 15 12 34 41 73
2013 25 53 65 15 12 34 41 73
2014 53 65 74 12 36 27
2015 15 12
2016 12
2017 15
2018 12
2019 87 12 21
2020 17 65 21 24 12 73
2021 25 19 21 38 12 73
2022 25 55 56 57 65 12 34 41
2023 17 57 12 36 73 52 19 24 76 31 56 28 38 34 89
2024 17 65 12 73
2025 12 64 65
2026 17 25 14 38 12
2027 12
2028 12
2029 65 19 21 12
2030 12
2031 17 56 74 57 30 37 44 12 41 73 76 27
2032 56 74 57 23 60 12 58
2033 56 74 23 38 44 86 12 41 73 76
2034 74 65 38 12
2035 12
2036 12
2037 15
2038 31 17 25 23 21 69 38 12 34 41 77
2039 26
2040 65 38 12 41
2041 12
2042 15
2043 12
2044 12 17
2045 12
2046 15 12 64
2047 38 12 36 81 73
2048 19
2049 12
2050 12
2051 12 79
2052 53 69 13 38 12 73
2053 12 37
2054 12
2055 12
2056 12 53
2057 12
2058 12
2059 12
2060 12
2061 17 25 61 12 73
2062 12
2063 12
2064 12
2065 87 12
2066 56 15 12 73
2067 15
2068 12
2069 12
2070 12 56
2071 60 12 73 58
2072 12
2073 12
2074 17 53 21 12
2075 12 17
2076 12
2077 12
2078 87
2079 43 25 21 12 41 68
2080 12
2081 12
2082 87 57 19 21
2083 12
2084 12
2085 12 41 73
2086 12
2087 12 36
2088 12
2089 12
2090 56 65 15 12
2091 12 41
2092 17 74 23 61 38 86 12 58 89
2093 12
2094 12
2095 12
2096 12
2097 87
2098 56 21 38 12 73
2099 12
2100 12
2101 12
2102 12
2103 15 21 38 12 73
2104 12
2105 15
2106 87 12
2107 12
2108 15 12 56
2109 12
2110 19 21 38 82 12 41
2111 12
2112 84 56 17 12
2113 15 12 81 73
2114 23 21 12 41 73
2115 87 12 69
2116 13
2117 87 65 21 13
2118 13
2119 13
2120 17 57 13 76 25 36 73 58
2121 29 31
2122 21 13 37 49 35 25 34 73
2123 13
2124 13
2125 13
2126 13
2127 13
2128 13
2129 13
2130 13
2131 13
2132 17 53 74 57 33 79 44 36 73 52 62 43 19 37 90 58 76 78 31 56 23 13 38 35 25 34 91 66
2133 13
2134 13
2135 14
2136 87 73 92
2137 73 14 53
2138 14 38
2139 14
2140 17 43 65 19 21 14 86 34 41 76
2141 63 14
2142 14
2143 31 17 15 14 38 32 34 76
2144 15 14
2145 14
2146 14
2147 17 43 56 19 60 14 38 76 49 36 73 58
2148 87 17 56 15 25 34 77
2149 15
2150 15 69
2151 65 15 21 25 36
2152 65 15 37 73 42
2153 15
2154 15
2155 15
2156 15
2157 15
2158 15
2159 15
2160 15
2161 15
2162 15
2163 15 38 34 76
2164 15
2165 15
2166 15 64
2167 15
2168 15
2169 87 15 50 76
2170 15 36
2171 15
2172 15 73 17
2173 15 76 86 41 73 58
2174 15
2175 15
2176 15
2177 15
2178 15
2179 15 21 17
2180 15 73
2181 15
2182 15 21 31
2183 15
2184 87 17 43 65
2185 15
2186 15
2187 15
2188 15 87
2189 15
2190 15
2191 59 15 69 35
2192 15 87 64
2193 15
2194 15
2195 23 15 33 21 25
2196 15
2197 15
2198 15
2199 31 15 25 73
2200 15 38 25 36 83
2201 15
2202 15
2203 15
2204 15
2205 15
2206 15
2207 15
2208 15 64
2209 15 42
2210 63 17 57 44 73 16 62 30 37 58 27 76 31 56 23 38 32 35 25 34 91
2211 56 74 19 21 69 38 25 73 58
2212 87 31 17 38 35 73 58
2213 62 31 56 74 38 25 36 73
2214 17 43 19 21 49 38 44 25 34 81 73 58 27
2215 65 38 25 73
2216 21
2217 23 21 38 36 73
2218 21 44 25 76
2219 17
2220 22 57 33 21 38 44 34 73 76
2221 52 17 65 23
2222 62 56 17 57 38 44 73 58
2223 17
2224 65 23 25 73
2225 17 53 65 74 73 91
2226 87
2227 87 73
2228 87
2229 25 34 81 48
2230 65 19 21 36 73 66
2231 56 34 65 74 21 79 76 38 41 73 58
2232 53 74 57 60 73 83 52 62 43 19 37 90 76 31 56 23 38 35 25 34 91
2233 17
2234 17 74 23 21 44 73 48
2235 87 31 17 37
2236 30 87 31
2237 25 31
2238 57 79 36 73 52 19 76 58 27 31 23 54 38 25 34 81
2239 17
2240 41 63 17 53 74 44 36 73 52 76 58 31 56 38 25 34
2241 17 23 19 21 25 73
2242 28
2243 87
2244 64 26 17 73
2245 17
2246 21 17 73
2247 77 17 61 24 34 41 76 27
2248 17
2249 56 21
2250 87 17 56 65 19 34 73
2251 17 36 73 42
2252 26 17
2253 87 17 65 21
2254 17 19 21 38 25 41 76 66
2255 17
2256 74 19 21 24 36 73 76 75
2257 25
2258 25 21 17
2259 31 17 21 86
2260 73 81
2261 41 63 17 74 57 33 73 43 19 56 28 38 35 34 66
2262 17
2263 37 64 92
2264 26 87 17 73
2265 87 34 17
2266 56 17 53 23 60 41 73 58
2267 26 87 17 65
2268 87 31 56 17 33 25 76
2269 65 19 38 41 73 76
2270 17 21 35 25
2271 78 31 17 38
2272 31 17 53 56 21 93 38 36 81 73 91 27
2273 73 81 17
2274 73
2275 25 64 17
2276 26 87 17 43 38 29 41 73 58
2277 17 43 30 76 38 44 86 25 36 41 73 58 27
2278 17 73 83 52 39 76 58 27 75 31 38 25 72 81 66
2279 17 25 34 73
2280 74 33 82 44 36 73 76
2281 87 17
2282 17 76 41 73 58
2283 25 17
2284 17
2285 26 17 38 42
2286 17
2287 17
2288 62 31 17 53 56 21 67 36 81 73
2289 18
2290 19 87 21
2291 74 65 19 25 81
2292 19
2293 87 43 19 50
2294 19 87 64
2295 19
2296 19 25 21
2297 19 25 21
2298 19
2299 21
2300 87 56 21 86
2301 21
2302 21
2303 21
2304 21
2305 21
2306 21 22
2307 87 31 21 76 25 34 41 73 58
2308 87 21
2309 21 38 73 66
2310 21 73 38
2311 25 21 65
2312 21 68
2313 21
2314 21
2315 25 21 53
2316 21 38 34
2317 46 64 51 21
2318 21
2319 21
2320 87 21 73
2321 21
2322 87 21
2323 87 56 21 34
2324 87 25 21
2325 57 21 38 81 73 58
2326 21
2327 87
2328 21
2329 21
2330 25 73 65
2331 23
2332 23
2333 23
2334 73 38 65
2335 36 65
2336 73
2337 44 36
2338 23 30 38 81
2339 26
2340 73
2341 87 38
2342 65 24 34 66
2343 87 24
2344 25
2345 31 28 25 34
2346 87 31 25 41
2347 26 87 31 25
2348 87 25
2349 87 25 31
2350 25
2351 87 31 74 28 50 38 44 25 36 73 76 27
2352 25 41 56
2353 26
2354 25
2355 26
2356 26 63
2357 62 53 65 57 60 73
2358 26
2359 62 56 36 73
2360 26 36
2361 26
2362 87 71 31 56 69 44 86 34
2363 26
2364 28
2365 62 29
2366 29
2367 30
2368 30 86 73 58
2369 31
2370 31 43 32 44 41 76
2371 31 56
2372 87 31 78
2373 87 31
2374 56 55 53 61 65 79 41 73 76
2375 64 31
2376 41 73 76 66
2377 87 31
2378 87 31 65 38
2379 36 31
2380 33
2381 34
2382 34
2383 34
2384 34
2385 52 87 34
2386 34
2387 38 60 72 73 76
2388 34
2389 34 73
2390 34 65
2391 87
2392 36 73
2393 36
2394 36
2395 36
2396 36
2397 87 62 56 50 60 36 73 58
2398 36
2399 36 73
2400 36
2401 37
2402 37
2403 38
2404 38
2405 38
2406 38
2407 87 58 38
2408 73 38
2409 63 53
2410 64
2411 93 38 41 73 58
2412 38
2413 38
2414 73
2415 43 65 38 86 73
2416 38
2417 38
2418 87
2419 38
2420 38
2421 43
2422 38
2423 87 64 38
2424 76
2425 38
2426 87 64
2427 38
2428 73
2429 38
2430 73
2431 56
2432 38
2433 38
2434 90
2435 38
2436 76
2437 41
2438 84 41 56
2439 41 74
2440 87 41
2441 62 41
2442 43
2443 44
2444 76 65
2445 76
2446 52 73
2447 49
2448 51
2449 51
2450 52
2451 53
2452 73
2453 55 53 57 61 60
2454 73
2455 56
2456 56
2457 56
2458 56
2459 61 57 60 58
2460 73
2461 57
2462 73 58
2463 64
2464 73
2465 87 73 58
2466 92 87 74 60
2467 86 76 65
2468 62
2469 63
2470 64
2471 87 64
2472 64
2473 64
2474 64
2475 64
2476 64
2477 64
2478 64
2479 64
2480 64
2481 64
2482 64
2483 64
2484 64
2485 64
2486 64
2487 64
2488 64
2489 64
2490 64
2491 64
2492 64 73
2493 64
2494 65
2495 65
2496 65
2497 65
2498 65
2499 65
2500 65
2501 65
2502 65
2503 65
2504 65
2505 65
2506 65
2507 65
2508 65
2509 65
2510 65
2511 76
2512 65
2513 65
2514 65
2515 65
2516 65
2517 65
2518 73
2519 65
2520 65
2521 65
2522 65
2523 65
2524 65
2525 65
2526 65
2527 65
2528 65
2529 65
2530 65
2531 65
2532 73
2533 65
2534 65
2535 65
2536 65
2537 65
2538 65
2539 65
2540 65
2541 65
2542 65
2543 73 65
2544 65
2545 65
2546 65
2547 65
2548 65
2549 65
2550 65
2551 65
2552 65
2553 87
2554 87
2555 72
2556 73
2557 73
2558 73
2559 73
2560 73
2561 73
2562 73
2563 73
2564 73
2565 73
2566 73
2567 87
2568 73
2569 73
2570 73
2571 73
2572 73
2573 73
2574 73
2575 87
2576 73
2577 73
2578 83 73
2579 73
2580 73
2581 73
2582 73
2583 74
2584 74
2585 76
2586 76
2587 76
2588 86
2589 87
2590 87
2591 87
2592 87
2593 87
2594 87
2595 87
