0 9 15 6 4 0 5 73 66
1 9 57 3 0 12 58
2 31 65 6 38 0 5 73
3 5 0
4 0
5 0
6 0
7 0
8 0
9 0
10 1 65 15 6 4 12 5
11 1 17 56 6 12 5
12 64 92 1 62 55 56 65 61 3 6 12 5 73 58 8
13 58 1
14 26 73 2
15 2 87 6 38 5 73
16 2 87 25 21 12 36 73
17 9 2 34 15 5
18 91 2 26 17 53 21 6 44 25 72 73 58
19 12 3 9
20 46 9 31 17 25 43 23 56 74 3 21 13 6 38 12 36 41 73
21 3 9 5
22 12 3 6 9
23 3
24 3 9
25 3 9 10
26 30 3
27 3 6 5
28 9 3 6 82 5
29 3 6
30 3
31 3 6 5
32 23 15 3 12 5
33 3 6 5
34 64 3 6 12 5
35 3 9
36 3 6 5
37 26 3 6 12 5
38 26 3 6
39 3 6
40 3 6 5
41 87 17 65 3 6 38 12 5 73
42 15 3 6 5 73
43 5 3 6 12 36 73
44 12 3 6 5
45 12 3 6 5
46 63 62 74 65 3 32 34 91 83
47 25 3 56 5
48 17 3 21 6 5
49 12 3 6 25
50 19 3 43 38
51 87 65 3 6 4 12 5 58
52 9 3 13 6 5 73
53 57 3 6 12 5
54 15 3 6 5
55 84 65 3 69 6 12 5 8
56 64 5 3 38 36
57 87 33 3 12 5
58 3 6 9
59 9 56 3 6 12 5 73
60 12 3 5
61 3 6 12 5 8
62 62 61 3 6 12
63 17 3 13 12 73
64 9 17 3 6 12 5
65 65 3 79 6 12
66 9 87 17 25 23 15 3 21 6 4 13 12 5
67 12 3
68 36 9 16 17 23 3 6 12 5 73 76
69 15 3 6 12 8
70 12 3
71 3 6
72 9 17 15 3 6 12 5
73 4
74 87 17 56 65 15 6 4 38 12
75 72 9 87 17 25 34 53 15 21 6 4 38 12 5 73 80
76 15 6 4 38 12 5 73 8
77 9 12 6 4
78 4
79 73 4 23
80 9 4
81 9 65 15 6 4 5
82 62 12 4
83 10 6 4 12 5
84 9 6 4 13 12 5
85 9 5 6 4
86 87 19 6 4 12 5
87 9 6 4 5 73
88 64 74 6 38 4
89 64 10 15 6 4 12 5
90 84 87 31 17 10 43 15 4 86 5 73 89
91 5 4 65
92 9 53 6 4 12 5 8
93 4
94 15 6 4 12 5 73
95 9 50 6 4 10 73
96 64 9 87 25 65 6 4 12 34 73 58
97 6 4
98 87 31 17 56 6 4 12 8
99 9 87 57 4 12
100 52 64 90 87 62 31 56 57 69 4 67 34 76
101 12 6 4
102 47 64 65 38 4 12 73
103 6 4 65
104 21 6 4 12 5 8
105 5 4
106 17 6 4 12 5
107 64 87 62 17 56 15 19 6 4 25 41
108 64 17 15 6 4 12 73
109 9 87 31 17 6 4 12 5 89
110 36 9 15 21 6 4 12 5 8
111 26 87 17 74 4 44 36 73 9 43 65 76 58 23 15 6 38 25 34 66
112 5 6 73 34
113 87 17 6 25 5 73
114 46 64 9 87 17 23 15 21 6 44 86 12 5
115 12 5 6
116 12 5 6 65
117 87 17 10 15 6 12 5
118 5 6 49
119 9 65 6 12 5 73
120 12 5 9
121 12 5
122 5 73
123 5 17
124 64 17 15 21 6 12 5
125 12 5 9
126 46 52 64 10 33 21 6 38 12 5 41
127 87 65 21 6 5
128 12 5 9 65
129 36 9 87 17 43 65 21 38 5 73
130 20 87 74 53 21 6 32 12 5
131 88 9 87 31 25 15 28 21 6 12 5
132 56 5 6 10
133 56 5 6 9
134 5 58
135 15 5
136 5
137 5
138 5 65
139 5
140 15 5
141 12 5 65
142 5 6
143 65 28 38 12 5 73
144 23 6 38 12 5 73
145 5 43 9
146 12 5 31 65
147 5 17 65 21
148 5 87 6 38 72
149 5
150 25 5
151 5
152 5 8
153 12 5 6
154 12 5 6 25
155 5
156 5
157 5
158 5 8
159 5
160 5 9
161 21 6 12 5 8
162 5 56
163 87 22 21 12 5 8
164 64 87 31 15 6 12 5
165 9 10 6 12 5 73
166 5 6 38 43
167 12 5 6 65
168 12 5 10 65
169 15 6 38 12 5
170 5 6
171 5
172 5 6 38
173 12 5 6 10
174 63 64 65 15 12 5 76
175 12 5 38
176 12 5 6 38
177 12 5 37 65
178 12 5 34
179 12 5 6 34
180 12 5 10
181 12 5 6
182 12 5 6
183 10 15 6 12 5
184 12 5 6
185 5 6 9
186 12 5 9
187 9 65 6 12 5
188 25 5 58
189 12 5
190 26 87 17 65 6 5
191 26 25 6 12 5 73 58
192 5 6 65
193 5 6 9
194 9 10 65 15 6 5
195 12 5 6
196 5 6
197 73 5 6 10
198 5 6 65 64
199 64 65 44 12 5
200 12 5 6
201 5
202 15 12 5 6
203 5 9
204 12 5 6
205 5 6 73 23
206 5 6 9
207 5
208 5 9 64
209 5
210 10 13 12 5 73 58
211 5
212 15 5 65
213 15 5 6
214 64 9 43 15 6 12 5 73
215 87 17 65 15 14 38 5 81 73
216 5
217 5
218 5
219 5 38
220 5 9
221 5 38 23
222 5 10
223 84 31 17 5 41
224 5 6 65
225 5 17 76
226 85 87 17 65 15 21 6 12 5 73
227 87 31 17 10 6 38 12 5 73
228 56 6 12 5 58
229 31 17 6 25 5 73
230 87 17 65 34 93 12 5
231 15 87 5 86
232 12 5 6 65
233 5
234 87 5 31 65
235 25 5
236 5
237 5 10
238 12 5 6
239 33 5 6 65
240 59 9 87 31 17 56 21 6 38 12 5 73
241 12 5 6 65
242 64 17 10 65 6 12 5 8
243 12 5
244 5
245 12 5 31 65
246 64 12 87 31 17 56 65 86 37 5 73
247 12 5 6
248 5
249 5 6
250 5
251 5 6 73
252 5 6
253 87 31 17 10 6 38 5 73
254 5
255 5
256 5
257 12 5 13 9
258 65 57 21 6 5
259 65 15 6 12 5
260 26 87 17 74 34 23 65 21 6 86 12 5 73
261 5 9 65
262 12 5 73
263 13 5 6
264 5
265 13 6 12 5 8
266 52 5 6 73
267 64 9 17 53 65 15 14 12 5 27
268 84 59 64 9 31 17 43 15 21 69 6 38 25 5 81 76 8
269 12 5 10 33
270 12 5 8
271 87 5 6 38
272 87 56 25 53 19 28 21 6 37 12 5 73 70
273 17 65 6 38 82 5 8
274 12 5 6 64
275 9 65 15 6 5
276 12 5 6 9
277 36 9 10 6 12 5
278 9 87 6 86 5
279 9 71 6 12 5
280 7 65 23 6 38 12 5 58
281 36 65 6 12 5
282 26 10 6 12 5
283 5
284 9 21 6 38 5
285 15 5 6
286 5
287 5 6
288 5
289 12 5
290 12 5 6 65
291 12 5 6 65
292 5
293 9 87 34 69 6 37 5 73
294 12 5 65 64
295 12 5
296 12 5
297 15 5 6
298 5 6
299 12 5 6 8
300 17 65 34 21 5
301 5 8
302 12 93 6 37 5
303 12 5 6
304 87 12 5
305 17 56 15 6 12 5
306 5
307 5 6 23
308 5 65
309 5 6 9 10
310 15 5 9
311 15 12 5 6
312 12 5
313 12 5
314 12 5 6
315 15 6 12 5 73
316 10 65 6 12 5
317 12 5
318 43 15 6 12 5
319 64 17 65 6 38 44 12 5 76 27
320 12 5 6
321 9 6 12 5 41
322 64 5 17 10 6 34 73
323 65 6 38 12 5
324 87 6 38 12 5
325 12 5 6 8
326 12 5 6 65
327 12 5 6 8
328 64 25 6 12 5
329 75 65 15 6 45 44 5 81 76 8
330 36 9 17 25 65 15 6 12 5 73
331 36 87 17 25 13 6 44 12 5 73 76
332 9 21 6 38 12 5 81 73 76
333 64 26 87 74 10 15 6 12 5 89
334 15 5
335 17 56 65 14 6 12 5 73
336 64 90 87 31 34 23 65 12 5 73 76 27
337 72 36 87 17 65 25 5
338 64 9 17 25 34 65 6 82 12 5 75
339 9 87 31 17 34 65 15 6 12 5 73 58
340 64 87 17 25 6 38 86 12 5 58
341 12 5 6
342 65 6 32 12 5
343 52 25 21 12 5 68 27
344 34 12 5 73 89
345 64 31 17 25 65 6 12 5 58 83
346 87 17 74 65 34 69 82 86 5
347 87 65 67 12 5 76
348 46 81 87 17 25 57 19 54 21 6 12 5 41 73
349 5 43 73
350 21 6 12 5 73
351 12 5
352 5 6
353 64 36 9 65 6 12 5 73 8
354 5 6
355 5 87 21 86 41 17 74 33 44 12 73 76 71 31 23 6 38 25 34
356 15 12 5 6
357 12 5 10
358 51 10 33 6 5
359 9 69 6 12 5
360 9 10 65 15 6 12 5
361 5
362 12 5 6
363 12 5 9
364 64 5 6 16
365 64 26 87 12 5
366 5 6
367 12 5 6 34
368 12 5 6
369 64 36 9 12 5
370 5
371 15 12 5 6
372 87 10 34 21 6 12 5
373 56 10 34 6 5
374 10 65 15 38 5
375 10 6 12 5 8
376 87 17 65 19 21 6 12 5 73
377 26 62 17 57 33 6 38 12 5
378 9 26 87 74 34 57 28 21 6 82 44 5 41 73
379 15 5 6
380 63 64 9 87 25 34 19 21 6 86 12 5 41 73 76
381 12 5 6 65
382 5 10 64
383 12 5 10 65
384 12 5 6
385 12 5 6
386 12 5
387 52 36 65 57 12 5
388 12 5
389 5
390 9 62 43 57 21 6 12 5 41
391 5 6
392 52 72 91 26 87 56 34 76 44 25 5 73 58
393 5 6
394 62 65 6 12 5 73 58
395 12 5 6
396 9 26 65 6 82 5 41
397 5 6
398 5 6 65 64
399 5 6
400 9 34 65 15 6 12 5
401 5 6 10
402 5
403 63 91 87 34 57 65 76 82 44 86 12 5 81 73 70
404 64 65 6 12 5
405 12 5 34
406 26 65 57 6 12 5
407 34 6 12 5 91 8
408 87 5 65
409 15 5 73
410 9 15 6 12 5
411 12 5 6
412 65 6 12 5 90
413 12 5 65
414 36 6 12 5 91
415 12 5 6
416 12 5 6 9
417 5 6 65
418 12 5
419 5
420 57 6 12 5 58
421 87 10 23 19 21 38 5 73
422 9 23 15 5 73
423 12 5 6
424 5 65 9 34
425 5 23
426 64 21 6 12 5 73
427 5 9 10
428 5 73 22
429 62 55 56 65 6 60 12 5 41
430 15 5 6 65
431 5
432 10 65 6 12 5
433 12 5
434 64 9 15 6 12 5
435 5
436 12 5
437 52 87 74 69 5 73
438 12 5 6 9
439 64 9 6 12 5
440 64 65 6 12 5
441 12 5 9 65
442 5
443 5 6 10 65
444 9 65 15 6 5 8
445 12 5 76 71
446 64 15 6 12 5 91
447 65 15 6 12 5 73
448 9 87 65 12 5
449 87 31 74 65 6 5
450 12 5
451 64 65 6 12 5 73
452 12 5 6 69
453 65 6 25 5 8
454 12 5
455 12 5 6 9
456 56 6 12 5 73
457 5 6
458 5 38 71
459 5 9
460 56 10 23 21 6 12 5 58
461 36 9 87 5 73
462 5 6 17 8
463 9 15 6 12 5
464 12 5 6
465 64 9 6 12 5
466 12 5 6 73
467 26 87 6 86 12 5
468 64 17 43 6 38 5 73
469 87 25 19 21 12 5 73
470 12 5 65 64
471 5
472 5
473 87 17 65 6 82 12 5
474 5 14 9 65
475 5 65 9 34
476 84 9 87 65 15 21 6 12 5 73
477 92 87 53 25 65 6 12 5
478 9 87 17 25 34 65 15 33 21 6 12 5
479 19 25 5 17
480 12 5 6
481 36 43 17 74 21 5 58
482 64 9 15 6 12 5 73
483 11 64 6 14 12 5 73
484 5
485 64 9 15 12 5 73
486 15 5 36 8
487 5 17 53 74 14 38 86 34
488 5
489 7 17 65 15 6 5
490 72 14 6 12 5
491 87 31 17 43 53 56 57 65 21 6 12 5 41 27 8
492 12 5 64
493 25 5 81 65
494 46 63 64 9 87 17 43 74 23 21 14 38 25 5 81 76 27
495 5
496 5 6 38 65
497 9 65 6 12 5 73
498 64 87 31 34 65 6 5 8
499 5 6 65
500 15 5 6 65
501 12 5
502 65 6 35 12 5
503 64 9 65 6 5
504 74 65 15 6 12 5 41
505 17 15 6 12 5
506 9 65 15 21 6 5
507 5 6
508 56 5 6 65
509 5 6 65
510 12 5 9 65
511 12 5 63
512 5 9 65
513 15 12 5
514 5 9 65 64
515 9 65 6 38 44 5 73
516 7 43 65 23 79 6 38 12 5 73
517 87 65 21 6 5
518 5 6
519 5 6 65
520 64 65 15 6 5
521 5
522 5 6 10
523 26 87 21 6 5
524 12 5 53
525 12 5 6 65
526 9 62 56 10 6 38 12 5
527 6 38 12 5 89
528 5 65
529 5 6 9 65
530 87 51 31 17 25 34 65 19 74 21 6 12 5 41 73
531 17 65 15 21 6 5
532 87 43 19 6 12 5 8
533 19 25 5 65
534 5
535 5 6 47
536 87 17 65 6 5
537 62 25 5
538 15 5 65 64
539 9 21 6 12 5
540 34 15 6 12 5
541 5 6 65
542 5 6 73 65
543 12 5 6 9
544 20 5 6 65
545 64 87 56 21 6 25 5
546 5 6
547 5 6 9 74
548 15 12 5
549 5 6 65
550 5 6 65
551 52 5 38 49
552 17 6 12 5 73
553 5 6 8
554 5 6
555 12 5 21
556 12 5
557 84 64 87 31 17 65 6 5
558 17 21 6 12 5
559 12 5 6
560 17 10 21 6 5
561 5 6 73
562 9 87 19 21 6 38 12 5
563 64 9 65 6 12 5
564 10 65 6 38 12 5
565 64 65 19 21 6 12 5
566 17 74 65 21 6 25 5
567 5 6 21
568 56 17 65 6 5
569 9 56 10 6 60 25 5 58
570 12 5 6
571 87 62 17 6 5 58
572 5 6 65
573 5 6
574 64 19 6 38 5
575 12 5 6
576 38 5 9 8
577 87 5 6
578 5 35 6 8
579 34 6 12 5 73 8
580 12 5 6
581 64 31 15 21 6 25 5 41
582 5 6
583 5
584 5 58
585 64 65 6 12 5
586 5 6 9
587 15 12 5 6
588 17 10 6 38 5
589 5 6 9 65
590 87 12 5 78
591 5 6
592 13 6 12 5 73
593 9 7 15 6 13 5
594 64 78 87 62 17 56 65 74 15 19 21 6 38 12 5 76 77
595 5 6 9 17
596 21 6 86 5 41 73
597 64 17 74 65 19 28 21 6 5 73
598 87 17 34 19 21 5 73
599 16 65 6 12 5
600 87 65 23 50 6 86 12 5 73
601 71 74 65 21 6 38 25 5
602 9 10 65 6 12 5
603 87 17 74 65 15 50 21 24 6 44 12 5 41 73
604 5 6 65
605 5
606 5 6 10 17
607 5 6
608 12 5 6
609 87 17 34 6 12 5
610 5 56 9
611 15 5 6
612 5 6
613 72 33 6 82 5
614 9 53 15 5 8
615 5 8
616 5 59
617 5 64
618 87 17 21 86 25 5
619 12 5 6
620 62 15 6 12 5
621 5 6 9 64
622 12 5 6 65
623 5 6
624 64 9 28 6 38 5
625 64 78 26 87 17 43 34 56 19 21 6 25 5 73
626 5 65
627 19 6 38 5 77
628 5 65 64
629 5
630 5 43 38 64
631 15 5
632 64 56 53 65 15 6 38 12 5
633 9 65 15 6 5
634 9 65 15 6 5 8
635 56 19 21 6 38 5 73
636 5 6
637 65 23 93 38 5 41 8
638 64 87 62 43 65 19 6 38 5 73 58
639 5 6 65
640 64 19 6 12 5
641 9 65 6 12 5
642 5 65 64
643 15 12 5 6
644 9 87 56 74 34 57 65 6 12 5 41 73 58
645 43 56 65 57 21 6 25 5 73
646 15 5 6 64
647 12 5 6
648 64 43 34 6 38 12 5 41 73 76
649 5 41 6 53
650 31 56 19 6 86 5
651 5 6 65
652 5 6 69
653 15 5 6
654 38 5 6 9
655 15 5 6 65
656 5 6
657 87 65 6 5 73
658 12 5 17 73
659 36 87 31 17 53 61 21 6 38 86 12 5 73 58 29 48
660 12 5
661 87 17 19 21 6 12 5 73
662 65 21 6 38 25 5 29
663 5
664 87 22 21 5 73
665 9 34 65 6 12 5
666 5 74
667 5
668 65 15 6 12 5
669 5
670 73 5 6 58
671 56 65 6 12 5
672 9 56 53 61 5 58
673 9 87 62 10 6 38 12 5
674 5
675 5
676 5 6 64
677 15 12 5 6
678 5 6 17
679 5 6
680 62 5 6 23
681 12 5 6
682 63 64 57 6 38 12 5 41 27
683 5 6 9 90
684 5 6 58
685 62 55 45 60 5 58
686 5 34 64
687 9 6 12 5 8
688 12 5 6 65
689 5 36 6
690 52 5 65
691 5 17 64
692 12 5 6 9
693 87 56 65 21 38 44 12 5 73 58
694 5 65
695 12 5 6
696 64 9 56 10 74 6 12 5
697 87 31 65 38 5
698 5
699 58 5 6 9
700 5 31 6
701 5 6
702 5 10 65
703 9 34 6 5 73
704 63 31 43 61 44 5 73 76
705 87 17 15 38 5 73
706 5 6 17
707 17 56 50 6 38 12 5 66 75
708 5
709 64 9 87 10 15 38 12 5
710 38 5 6 9
711 5 6 64
712 52 35 87 53 65 38 44 86 5 73
713 26 5 17 73
714 36 62 55 56 6 38 12 5 58
715 87 5 6 65
716 65 19 6 12 5 91
717 87 5 68 65
718 5 38
719 9 34 6 35 12 5
720 56 62 5 6
721 12 5 6 65
722 12 5 6 73
723 56 12 5 6
724 87 5 6
725 74 65 21 6 5 81 48
726 56 65 6 12 5
727 87 31 17 19 21 6 32 25 5
728 78 9 31 17 6 38 5 27
729 64 17 6 5 58 8
730 64 78 26 87 31 17 15 21 6 76 32 5 42
731 5 6 73
732 5 6 8
733 5 73
734 5 6
735 15 5 6
736 5 58
737 5 6 73
738 5 6 9
739 15 12 5
740 87 17 74 21 6 25 5 77
741 5 6
742 5 38
743 72 68 78 87 17 56 57 19 6 35 5 81 73 58
744 5 6 8
745 5
746 5
747 5 6
748 15 5 6 72
749 78 26 87 17 10 53 23 6 5 66
750 12 5 17 64
751 5 56
752 12 5 17 9
753 5 6 21
754 12 5 6 21
755 5 6 17
756 65 6 38 5 73
757 15 5
758 5
759 5
760 12 5 6
761 12 5 6 64
762 5 6 65
763 87 17 34 19 28 38 35 25 5 73 76 77
764 5 6
765 5 9
766 64 9 50 6 12 5
767 5 6 53
768 5 6
769 5 9
770 5
771 12 5 6
772 46 9 71 34 15 6 86 5
773 21 6 5 73 8
774 5 73 9
775 9 87 17 19 6 5
776 87 62 5 17
777 5 6 73
778 12 5 6 10
779 12 5
780 12 5 73 77
781 5
782 72 9 26 17 6 12 5 58
783 84 87 25 12 5 41
784 5
785 12 5 6 58
786 64 17 15 76 44 12 5 58
787 5
788 9 26 62 71 31 17 74 65 5
789 87 31 6 12 5 41
790 5
791 87 17 10 6 38 12 5 41 73 58
792 47 17 38 5 73 76
793 5 6 65
794 12 5 65
795 26 5 41 17
796 5 6 38
797 5 6
798 15 5 73 38
799 9 87 15 6 5
800 87 10 12 5 58 8
801 12 5 6 58
802 17 79 38 12 5
803 64 56 53 13 6 38 12 5 58
804 12 5
805 12 5
806 5
807 5
808 12 5 6
809 5
810 26 12 5
811 5
812 73 5 6 9
813 5 6
814 5 6 53
815 5 31 74 71
816 5 42
817 5
818 73 5 6 53
819 5 73
820 5
821 52 87 17 65 19 38 5 73
822 64 9 65 15 6 12 5 8
823 12 5 9
824 5 11
825 15 5 65 34
826 5
827 9 65 6 12 5
828 5 6
829 15 5 52 6
830 12 5
831 17 53 19 12 5 73 27
832 59 9 62 17 43 56 21 6 25 5
833 5 64
834 9 62 31 17 10 56 6 60 12 5
835 5
836 12 5 6
837 5 6
838 9 53 6 12 5 73
839 65 15 6 12 5
840 15 5 7
841 12 5 9
842 5
843 15 5 10
844 5 6 21
845 26 65 12 5 8
846 12 5 10 65
847 9 15 6 12 5
848 12 5 6
849 87 10 61 6 49 5
850 52 25 34 19 12 5
851 43 19 21 5 41
852 9 65 6 44 5 73
853 87 17 65 6 5 41
854 87 10 21 38 5 73
855 5 9
856 5 6
857 5 36
858 5
859 64 87 65 19 21 69 6 5 73
860 5 6
861 10 6 73 64
862 73 6 38 8
863 9 15 19 6 72 8
864 25 65 15 19 6 12 10 73
865 73 6 9 76
866 17 25 21 6 38 12 73 58
867 46 64 87 31 17 43 65 33 6 12 41 73 27
868 9 87 31 17 21 6
869 6 65
870 87 6 17 43
871 64 9 17 23 6 38 12 34
872 87 31 17 43 53 56 15 30 6 86 12 10 73 27
873 19 10 6 9
874 6
875 73 6
876 6 9 49
877 64 9 87 17 25 56 65 21 6 12 10 41 73
878 71 43 65 15 28 6 73
879 9 17 25 56 6 12 10 73
880 15 6
881 9 25 65 15 21 13 6 12 73 80
882 26 62 51 87 43 56 65 21 69 6 38 44 12 10 90
883 87 17 43 21 6 25 10
884 12 21 6
885 12 6 7
886 6 9
887 21 6
888 12 6
889 17 65 15 6 12 72 58
890 64 17 25 19 24 6 32 12 8
891 87 12 6 17
892 87 17 25 21 6 86 12 73
893 11 64 9 26 31 74 65 15 6 12 34
894 17 65 15 19 21 6 12
895 12 6 9
896 9 23 6 36 73 66
897 26 25 73 6
898 64 9 17 65 15 6
899 84 31 17 28 30 69 6 73 27 8
900 84 87 31 56 25 21 6 12 36 81
901 9 17 15 6 12 72
902 87 7 17 21 6 25 10
903 92 9 87 17 25 65 15 21 6 12
904 87 17 43 21 14 6 37 76 12 10 58 75
905 12 6 9
906 17 21 6 12 75
907 12 6 65 17
908 87 17 65 21 6 81 73
909 26 87 21 63 17 53 57 33 60 12 36 73 9 65 19 10 27 75 56 15 6 38
910 64 78 87 31 17 25 56 65 19 21 6 38 12 81 73 27
911 12 6 38
912 9 87 17 25 15 21 6 12
913 46 63 64 87 17 65 24 69 6 81 73 76
914 62 6 9
915 64 87 56 19 21 37 6 38 25 72
916 87 15 21 6 12 58
917 87 17 15 6 10 91
918 6 38
919 6
920 6 65
921 64 87 22 15 21 6 25
922 6
923 6 17
924 13 6
925 10 6 73
926 12 6
927 87 34 6 64
928 6 9 65
929 6 58
930 62 12 6
931 25 6
932 6
933 15 12 6
934 62 56 55 6 60 58
935 12 6
936 12 64 6 65
937 6
938 10 6
939 62 43 65 23 57 21 69 6 38 44 49 73 58
940 6
941 87 21 6 22
942 12 87 25 6 37 81
943 6
944 6
945 50 6 65 8
946 6
947 6
948 6
949 9 53 65 6 44 12 58
950 31 6 73 58 27
951 6 9
952 6
953 9 22 15 21 6 12
954 73 6 76
955 31 6 65 17
956 6
957 15 6
958 6 65
959 6
960 10 6
961 10 6 9
962 6
963 26 17 25 53 56 13 6 76 60 12 73 58 27
964 6 8
965 64 65 15 6 12
966 6 9
967 12 6
968 6
969 6 9
970 15 64 6 58
971 23 6 86 10 58
972 6
973 51 6
974 65 15 6 12 58
975 6
976 6 38
977 87 6 58
978 6 8
979 63 64 9 74 6 12
980 10 6 73 64
981 63 64 9 6 76
982 6
983 6
984 15 12 6
985 9 65 21 6 38 10 58
986 6
987 6
988 12 10 6
989 87 6 86 12 34 58
990 6
991 6
992 6 9
993 6
994 15 6
995 6 9
996 6
997 64 6
998 34 6 17
999 6
1000 12 6
1001 73 6
1002 6 9
1003 6
1004 87 12 6
1005 15 6 9
1006 6
1007 6 9
1008 6
1009 6
1010 6
1011 6
1012 6
1013 6
1014 64 87 65 15 19 21 6
1015 9 87 17 21 6 41
1016 6 23
1017 17 69 6 86 73
1018 12 6 9
1019 6
1020 6
1021 81 6 9 43
1022 21 6 65 8
1023 87 12 6 17
1024 15 6
1025 12 6
1026 12 6
1027 6
1028 9 87 65 19 6 25
1029 87 31 23 6 29
1030 64 87 17 65 15 19 21 6
1031 84 87 31 17 19 28 6 37 25 34
1032 17 65 6 38 12
1033 15 6
1034 87 43 65 19 21 6
1035 87 6 17 86
1036 73 6 17 23
1037 87 17 56 65 23 6 38 12 10
1038 6
1039 6
1040 6
1041 12 6
1042 64 87 25 65 19 21 6 12 8
1043 15 6
1044 6 23
1045 12 6 9
1046 6 66
1047 6
1048 64 65 6 12 10
1049 10 6 65
1050 6
1051 9 31 17 43 21 6 25 73
1052 87 65 6 12 34 73
1053 52 87 56 21 13 6 25 73
1054 63 62 17 23 30 6 12 73 89
1055 6 38
1056 6
1057 6
1058 6
1059 6 38 61
1060 63 87 31 17 25 65 15 19 21 6 86 12 34 76
1061 9 87 15 14 6 38 49 76 12 34 73 58
1062 15 6 9
1063 46 9 87 34 57 6 10 73
1064 12 6
1065 12 87 23 6 37 76
1066 73 6 9
1067 6
1068 17 6 38 35 37 66
1069 6
1070 73 6
1071 6 38
1072 10 6 65
1073 12 6 65
1074 6 38 65
1075 78 26 17 6 38 12 34 73 90
1076 13 12 73 6
1077 12 6
1078 12 6
1079 23 6 38 12 36 73
1080 6
1081 6
1082 12 73 6
1083 64 6 23
1084 6
1085 6 9
1086 87 31 6
1087 9 65 15 6 86 12 10 73
1088 15 6
1089 15 6 9
1090 6 65
1091 9 65 6 12 36
1092 12 6
1093 25 73 6 17
1094 15 12 6 25
1095 12 6
1096 87 17 6 10 73
1097 25 65 6 12 10
1098 15 6 65
1099 69 6 12 10 90
1100 6
1101 64 15 21 6 38
1102 12 6
1103 12 6
1104 12 6 65
1105 12 6 65
1106 9 6 38 12 58
1107 31 74 65 6 12
1108 6
1109 6
1110 46 9 87 6 12
1111 87 6 38
1112 71 6
1113 41 6 65
1114 17 65 13 6 12
1115 6
1116 6
1117 6
1118 6
1119 6
1120 92 6 65
1121 10 6
1122 6
1123 69 31 6 74
1124 41 6 76 44
1125 6
1126 15 6
1127 6
1128 15 10 6
1129 12 10 6
1130 13 10 6 9
1131 12 6
1132 87 31 56 6 38 12 10 73 76
1133 87 74 15 6 12
1134 12 73 6 9
1135 6 65
1136 84 87 17 65 6 76 86 73 58
1137 64 9 65 15 6 44 12 10 73
1138 10 6 65
1139 12 10 6 65
1140 46 64 9 17 15 6 12 73 58
1141 9 65 15 6 12
1142 81 9 87 31 17 25 33 6 38 12 34 41 73 91 27 8
1143 6
1144 52 11 64 31 17 53 74 15 33 21 6 38 12 10 81 73 76 8
1145 9 91 31 17 53 56 61 65 6 12 73 42
1146 87 31 6 12 36 27
1147 12 6
1148 31 6 38 12 73 76
1149 31 6 38 12 34 41 73
1150 92 6
1151 9 65 21 6 12 73
1152 87 71 17 25 53 65 15 74 21 69 6 12 41 76
1153 64 9 17 6 12 41 73
1154 26 87 6 86 73
1155 6
1156 73 6 65
1157 12 73 6
1158 12 14 6
1159 84 87 15 6 73
1160 87 6 86 12 36
1161 87 71 17 43 6 12 36
1162 9 87 15 6 44 12 10 73 58
1163 6
1164 43 65 79 6 49 34
1165 7 15 13 6 12 73
1166 73 6 9
1167 64 87 17 6 38 12
1168 12 6 38
1169 64 9 25 6 12
1170 25 10 6
1171 15 10 6 9
1172 87 31 74 25 6 44 12 76
1173 12 6 8
1174 12 6
1175 87 43 74 65 69 6 38 73
1176 43 6 86 12 34 91 8
1177 87 17 25 65 93 6 12 34
1178 52 87 62 17 25 65 57 74 21 24 6 37 38 12 41 73 58
1179 6 58 65
1180 64 87 17 25 43 65 74 24 6 12 34 41 76
1181 12 6
1182 64 65 15 79 6 38 12 42 66
1183 46 64 90 17 56 65 50 6 76 12 34 41 73 58
1184 9 23 69 6 38 10
1185 9 26 17 15 69 6 86 12 34
1186 6
1187 6
1188 6 9
1189 9 87 31 17 6 25
1190 64 9 65 6 12 36
1191 12 6
1192 6
1193 6
1194 87 71 17 65 19 21 6 73
1195 6
1196 64 87 65 15 6 36
1197 46 15 19 21 6 12 76
1198 47 64 87 51 23 15 6 34 41 73
1199 6 65
1200 44 26 87 31 17 56 74 57 15 21 6 38 35 86 25 34 73
1201 12 6
1202 63 62 43 65 19 21 6 86 12 73
1203 15 87 6 17
1204 6
1205 12 6
1206 15 6 57
1207 63 65 6 38 44
1208 6
1209 6
1210 6
1211 64 6 9 65
1212 6
1213 72 6 17
1214 6
1215 6 65
1216 64 57 6 12 91
1217 56 12 6 58
1218 12 6 65
1219 6 9 65
1220 6
1221 64 6 65
1222 9 65 6 34 73 8
1223 12 6 53
1224 64 36 9 16 87 31 34 57 65 6 38 12 10 73 83
1225 15 12 6
1226 6 65
1227 12 64 6
1228 64 87 23 6 67 41 8
1229 6
1230 64 9 87 17 23 6 12 58
1231 87 17 65 19 6 38 12
1232 87 31 17 6 76 12 41 58
1233 87 65 23 15 21 6 8
1234 12 6
1235 10 6 21
1236 10 6
1237 15 12 6
1238 6
1239 64 87 31 17 53 15 33 6 41
1240 12 73 6 9
1241 46 52 87 31 43 65 23 21 6 38 34 41
1242 6
1243 6
1244 12 6 65
1245 10 6
1246 64 15 6 25 81
1247 64 9 15 6 12
1248 6
1249 6 9
1250 6 65
1251 10 6
1252 31 6 60 86 12 83
1253 12 73 6 38
1254 87 21 6
1255 15 12 6 65
1256 52 26 17 25 56 65 6 38 12 34
1257 73 21 6 38
1258 85 31 17 65 30 6 12 36 27
1259 13 12 6
1260 6
1261 12 6
1262 12 6
1263 6
1264 73 6 38
1265 64 6 12 34 73
1266 25 6 9
1267 19 21 6 73
1268 12 6 23
1269 73 6 9
1270 12 73 6
1271 15 6
1272 19 6
1273 17 15 6 12 10 73
1274 12 6
1275 26 17 43 19 6 38 25
1276 74 17 30 6 10
1277 12 6
1278 9 87 62 17 55 56 61 19 6 34 73
1279 87 56 17 6 12
1280 25 36 31 6
1281 36 6
1282 12 6
1283 85 87 17 21 6 38 37 36 73 58
1284 10 6 64
1285 12 31 6 38
1286 15 6
1287 12 6 38
1288 87 73 6
1289 46 12 6
1290 12 6
1291 6
1292 31 15 6 36 73
1293 12 6
1294 6
1295 12 6 42
1296 64 65 93 6 38 12 73 8
1297 15 12 6 65
1298 64 17 65 6 34
1299 64 87 62 17 53 56 65 15 69 6 86 12 73 58 8
1300 12 6
1301 64 34 6 10 73
1302 9 34 65 6 12 10
1303 87 17 65 6 12 73 58
1304 12 14 6
1305 15 12 6 17
1306 87 7 21 41 17 44 12 36 73 72 9 43 19 24 14 76 31 15 6 38 25 34 81 66
1307 14 6
1308 11 65 15 14 6 36
1309 36 26 87 71 31 17 56 23 19 69 6 37 12 34 81 73 66
1310 12 14 6
1311 12 14 6 9
1312 12 6
1313 64 9 65 6 12
1314 9 65 21 14 6 10 73
1315 87 12 21 6
1316 12 10 6 73
1317 12 10 6
1318 12 6
1319 87 31 17 65 19 6 12
1320 46 87 31 56 74 65 23 6 38 44 12
1321 65 21 6 35 12 73 66
1322 56 87 6 9
1323 64 62 6 60 12 58
1324 6 65
1325 87 25 6 53
1326 6 65
1327 87 17 65 19 21 69 6 45 25 73 58
1328 64 56 65 15 6 12
1329 9 74 65 6 25
1330 12 6
1331 6 65 86
1332 12 6
1333 6 65 57
1334 34 6 64
1335 87 31 43 65 15 6 12
1336 51 56 53 65 6
1337 64 9 87 31 17 19 21 14 6 73
1338 87 17 6 38 73
1339 15 12 6 65
1340 78 87 17 65 15 19 6 12
1341 12 6 65
1342 13 12 6
1343 87 17 25 53 56 65 6 38 12 76
1344 74 6 58 65
1345 6 65
1346 6 9
1347 6 38
1348 34 6 44 12 10 73
1349 6
1350 46 65 6 12 76
1351 12 90 6 8
1352 12 6
1353 6 65 8
1354 52 64 19 6 38 12
1355 6 65
1356 17 65 6 38 12
1357 65 15 6 12 8
1358 12 6 65
1359 6 65
1360 12 6
1361 6 65
1362 6
1363 15 6 65
1364 12 73 6 65
1365 64 6 65
1366 17 25 21 6 12
1367 87 12 6 17
1368 12 10 6 64
1369 12 21 6 9
1370 6
1371 87 23 6 44 12 76
1372 6
1373 12 73 6 38
1374 65 21 6 25 10
1375 31 65 6 12 34
1376 12 6 65
1377 6 65 17
1378 24 6 65
1379 12 10 31 6
1380 9 15 21 6 12
1381 87 64 6 17
1382 87 21 6
1383 87 6 65
1384 10 36 6 73
1385 15 6 65 8
1386 46 31 25 22 53 6 12 41 8
1387 6 17
1388 15 6
1389 6 38 17
1390 6 74
1391 6 9
1392 36 6 9
1393 15 10 6 64
1394 10 31 6 64
1395 6
1396 36 87 31 21 6 38 86 12 34 73 76
1397 87 12 6
1398 15 6 17
1399 6
1400 21 6 17
1401 19 87 6
1402 87 17 43 15 21 6 25
1403 6
1404 64 9 6 12 73
1405 6
1406 12 64 6 65
1407 15 21 6 12 58
1408 15 64 6 43
1409 87 65 6 38 8
1410 6 65
1411 6
1412 56 17 69 6 12 73
1413 87 10 6
1414 12 6
1415 6
1416 6 65
1417 6 65
1418 12 6 38 23
1419 64 65 23 6 12
1420 10 6
1421 87 56 43 6 38 58
1422 6
1423 12 6
1424 6
1425 6 38 65
1426 6 9 65
1427 6
1428 56 6
1429 6
1430 6 9
1431 6 65
1432 82 6 65
1433 6
1434 6
1435 6 17
1436 87 62 6 53
1437 64 6 22
1438 6
1439 12 21 6
1440 87 15 21 6 38 86 73
1441 6 65 8
1442 12 6 65
1443 64 90 87 51 21 69 6 38 76 12 41 81 73 42
1444 15 6 65
1445 6 38
1446 12 6
1447 6
1448 12 10 6
1449 9 87 65 30 6
1450 12 10 6
1451 87 17 43 56 19 6 38 12 36 73
1452 6
1453 6 65
1454 6
1455 6 65
1456 6
1457 56 15 6 60 12 10
1458 64 26 87 6 12 73
1459 69 6 8
1460 12 6
1461 87 12 6 38
1462 12 64 6
1463 12 6
1464 13 12 6
1465 6
1466 15 12 6
1467 12 73 6
1468 6
1469 6
1470 6 38
1471 12 6
1472 87 65 6 12 36 73
1473 12 73 6
1474 12 6 25 44
1475 12 6
1476 9 87 17 43 6 82 86 34
1477 6
1478 12 6
1479 17 23 6 72 58
1480 12 6
1481 87 31 17 55 56 61 30 6 38 29 58
1482 92 87 56 17 6 12 58
1483 9 17 65 15 6
1484 21 6
1485 6
1486 15 6 34 73 58
1487 58 6 53 55
1488 6 65
1489 46 59 9 26 23 21 69 6 38 35 25 10 76
1490 6
1491 6 76 12 10 58 8
1492 6
1493 12 6 65
1494 87 37 6 74
1495 64 34 6 38 76 86 10 73 58
1496 10 6 8
1497 6 65
1498 65 6 36 91 8
1499 71 31 6 65
1500 12 6 65
1501 12 73 6 58
1502 12 6 58
1503 87 21 6 12 73
1504 10 6 73
1505 12 10 6 9
1506 34 21 6 86 25 36
1507 12 6
1508 6 38 65
1509 12 6 58
1510 12 6
1511 15 6 65
1512 56 90 6
1513 62 12 6 65
1514 12 6 9 43
1515 26 62 87 31 17 43 55 56 57 33 61 69 13 6 12 34 41 73
1516 52 9 17 23 6 37 58
1517 65 50 33 6 10
1518 57 6 12 10 73
1519 6
1520 12 73 6 58
1521 71 92 6 65
1522 6
1523 9 57 6 12 58
1524 12 6 25
1525 52 17 6 38 25 73 66
1526 15 38 6 9
1527 12 64 6
1528 87 62 31 17 53 55 56 6 12
1529 9 65 21 6 10
1530 73 6 65 17
1531 9 65 21 6 34 73
1532 64 87 56 17 65 6 38 73
1533 26 87 17 65 23 19 21 6 82 86 34 81 73
1534 12 6 68
1535 87 6
1536 15 87 6 65
1537 15 6 9
1538 26 17 21 6 12 73
1539 87 65 15 21 6 12 36
1540 64 9 87 71 65 6 38 12
1541 6 83
1542 6
1543 6
1544 65 15 6 12 76
1545 87 6 65
1546 12 6 9 65
1547 12 64 6
1548 12 6
1549 12 6 65
1550 12 6
1551 6
1552 12 6 65
1553 12 6 43
1554 6 9
1555 65 15 19 6 12 73 77
1556 19 12 6 77
1557 87 51 17 22 19 21 6 91 83
1558 12 6 57
1559 25 65 23 6 12 10 73
1560 75 62 17 65 15 6 72 8
1561 73 10 6 9
1562 15 6
1563 87 6 65
1564 64 21 6 12 10
1565 15 12 6 9
1566 25 23 6 38 12 34 73 83
1567 6 43
1568 12 6 65
1569 10 6 65
1570 87 31 43 25 21 6 12 81
1571 52 6 9 65
1572 10 6 65 64
1573 15 12 6 65
1574 87 17 65 15 6 86 12 73 76 8
1575 9 22 21 6 25 10 73
1576 26 87 17 6 10 73
1577 6
1578 15 6
1579 19 6
1580 9 87 56 43 6 73
1581 12 73 6 43
1582 15 12 6
1583 87 17 21 6 38 25
1584 34 6 65 86
1585 26 6 58
1586 6
1587 87 38 6 7
1588 87 62 17 56 61 15 6 34 73 58 27
1589 87 23 21 6 34
1590 19 12 6
1591 52 9 56 28 69 6 86 34 73
1592 87 12 6 53
1593 6
1594 64 78 31 17 23 21 6
1595 15 12 6
1596 64 78 87 17 6 38 81
1597 12 6 17
1598 15 6
1599 92 78 56 17 6 27
1600 56 6
1601 87 12 6 17
1602 15 6
1603 59 56 53 23 15 6 38 34 73
1604 6
1605 87 25 6
1606 6
1607 6
1608 12 73 6
1609 12 6 27 17
1610 10 6 73 65
1611 64 6
1612 6
1613 21 6 90
1614 46 26 87 21 69 86 41 63 84 17 53 74 50 33 79 44 36 73 52 43 19 30 76 27 31 56 23 6 38 35 25 34 66
1615 19 73 6
1616 6
1617 6
1618 6 17
1619 87 56 22 21 6 73
1620 6
1621 10 6
1622 6 65 8
1623 6
1624 13 64 6 15
1625 87 6
1626 36 6 73 17
1627 84 64 17 25 53 74 19 21 6 12 73
1628 34 31 6 9
1629 64 87 17 6 8
1630 16 17 6 12 76
1631 26 87 17 53 23 57 21 6 38 25 73 68
1632 87 73 6 9
1633 25 6 17
1634 87 17 25 15 6 86 12 73 77
1635 91 87 31 17 21 69 6 82 44 86 41 73 76 27
1636 64 9 87 31 17 25 23 6 76 12 58
1637 6 65
1638 12 6 9 65
1639 6 38
1640 6
1641 6
1642 26 87 21 86 41 17 53 57 33 44 67 73 42 52 62 30 82 90 58 76 71 31 55 6 38 32 25 34 91
1643 64 74 6 44 72 73
1644 6 65
1645 6 9 65
1646 15 12 10 6
1647 62 58 6 9
1648 6 9
1649 25 65 21 6 12
1650 6 38 65
1651 36 6 17 64
1652 6
1653 15 6 9
1654 64 31 17 25 56 21 6 12
1655 52 43 56 34 6 10
1656 17 6 12 73 66
1657 12 6 65 8
1658 9 56 6 12 90 73
1659 87 17 65 15 6 12
1660 12 10 6
1661 12 10 6
1662 15 12 6
1663 12 6 17
1664 9 87 31 6 38 12
1665 72 17 25 74 21 6 12 34 81 75
1666 12 6 9
1667 9 87 43 69 6 38 44 73
1668 46 52 9 25 53 57 15 6 12 36 73 76
1669 44 9 87 51 17 65 69 13 6 76 35 37 73 58
1670 73 31 6 38
1671 64 9 26 17 25 56 57 15 13 6 38 60 12 34 73
1672 64 9 65 15 14 6 38 10 90
1673 9 71 56 65 15 6 12 73 76
1674 56 6 9
1675 12 6 65
1676 25 6 12 10 73 27
1677 21 6
1678 12 64 6 9
1679 9 87 34 19 21 6 10
1680 6
1681 6
1682 6 9 65
1683 6 65
1684 6
1685 15 30 6
1686 56 73 6
1687 13 12 64 6
1688 12 6
1689 85 87 31 17 65 6 38 36 73 76
1690 6
1691 34 21 6 36 41 73
1692 64 87 17 53 6 72
1693 9 43 56 15 6 38 12 73 76
1694 19 6 12 73 8
1695 46 87 31 17 65 30 21 69 6 38 25 41 81 73 76
1696 87 31 56 57 6 86
1697 64 87 17 74 19 21 6 12 34
1698 6
1699 64 6 65
1700 12 6
1701 64 87 65 21 6 12
1702 17 25 21 6 38 12 10 73
1703 15 12 6
1704 87 6 65 86
1705 12 6 8
1706 64 6 65 49
1707 69 6
1708 25 65 21 6 12
1709 12 73 6
1710 46 26 87 21 86 41 17 53 74 12 36 73 83 19 76 58 27 31 6 38 25 72
1711 12 6 9 8
1712 15 10 6
1713 87 7 17 43 21 38 86 12 73
1714 78 87 31 7 17 56 21 38 73
1715 15 12 64 7
1716 74 21 12 73 8
1717 12 8
1718 73 65 8
1719 64 65 15 76 8
1720 12 65 8
1721 9 8
1722 38 8
1723 64 26 56 74 57 38 73 58 8
1724 62 55 65 57 60 76 8
1725 17 8
1726 78 87 31 17 25 73 27 8
1727 87 12 74 8
1728 64 21 38 41 42 8
1729 76 65 8
1730 64 8
1731 8
1732 64 73 76 8
1733 10 34 8
1734 17 25 21 12 34 8
1735 17 15 44 73 8
1736 8
1737 15 25 87 9
1738 9 87 23 15 69 38 12 72 80
1739 9
1740 46 64 72 9 87 31 17 23 19 21 69 38 25 34 41 73
1741 9 53 15 21 73 58
1742 9 87 43 15 21 38 44 36
1743 52 36 9 87 17 74 65 15 28 21 25 34 73 75
1744 9 87 65 21 12 73
1745 10 73 9
1746 9 87 22 19 50 21 13
1747 9
1748 9
1749 10 9 64
1750 10 9
1751 64 9 38 86 12 36 73
1752 64 9 65 14 38 44 76
1753 47 59 9 26 87 17 56 65 57 21 69 38 12 81 73 76 48
1754 12 9 65
1755 9
1756 12 9 65
1757 9 85 17 65 21
1758 64 9 53 65 19 21 38 12 34
1759 9
1760 38 31 9 65
1761 15 9 65
1762 9 87 65 15 33 38 12 73
1763 9 87 15 21 14 86
1764 9 17 56 65 15 40
1765 9
1766 12 9
1767 41 9 65
1768 9 65
1769 9
1770 15 73 56 9
1771 10 9
1772 13 9
1773 64 9 65 15 12
1774 14 9
1775 9 66 31 65 15 12 58 27
1776 64 9 87 31 65 10 73 76
1777 12 14 9
1778 9 56 17 86 12
1779 15 9
1780 9
1781 10 9
1782 9
1783 64 14 9
1784 9
1785 15 64 9 65
1786 21 9
1787 64 9
1788 9
1789 15 9
1790 9 87 17 25 43 65 19 21 14 12 34
1791 52 84 36 9 87 31 17 65 19 21 25 34 77
1792 19 87 64 9
1793 15 87 64 9
1794 15 9 65
1795 64 9 85 87 37 67 12 10 41
1796 9 65
1797 64 9 65
1798 9 87 56 65 19 12 73
1799 9
1800 12 9
1801 12 41 9 85
1802 9 87 43 65 12 34
1803 9 17 38 25 81
1804 9 23 38 12 73
1805 46 9 87 51 53 19 21 38 44 86 36 41 73
1806 15 9
1807 9
1808 15 12 9
1809 9 26 87 17 43 55 28 21 93 86 25 29
1810 10 9
1811 64 9
1812 9 15 38 12 90 73
1813 9
1814 52 38 73 9
1815 9 65 24 86 76
1816 64 9 65
1817 9 87 17 53 38
1818 15 17 9
1819 59 35 9 62 56 17 57 69 44 73 76
1820 46 9 17 53 76
1821 64 9 87 33 36 73
1822 9 65 28 37 12 34 73
1823 9 65
1824 9
1825 9 23 21 25 73
1826 9
1827 9
1828 15 9
1829 15 12 9 65
1830 9
1831 15 9
1832 52 9
1833 9 51 12 73 58
1834 17 9
1835 64 9 17 53 38 89
1836 9
1837 9
1838 9
1839 72 9 55 65 41 73 58
1840 64 9 17 15 35 25 76
1841 64 36 9 87 24 12 10 73
1842 64 9 87 17 65 15 19 21 36
1843 52 9 87 74 25 19 21 12 34 27
1844 9 87 17 25 19 38 12
1845 53 9
1846 10
1847 87 25 10 17
1848 10
1849 10
1850 10
1851 10
1852 10 65
1853 10
1854 10
1855 10
1856 87 15 21 12 10
1857 87 17 65 12 10 73
1858 43 65 12 10 73
1859 10
1860 73 10 56 58
1861 10
1862 10 56 65
1863 10
1864 10
1865 87 17 43 38 10 73 89
1866 10
1867 10
1868 26 10
1869 12 10
1870 25 10 36
1871 10
1872 10
1873 10 65
1874 10 81 17 53
1875 15 10 36
1876 47 72 91 87 31 17 74 34 23 21 69 76 38 86 10 73 42 66
1877 25 10
1878 10
1879 52 65 15 86 12 10
1880 15 21 38 25 10
1881 10
1882 10
1883 10 65
1884 10 38 69
1885 15 12 10 64
1886 10
1887 87 10
1888 10
1889 19 10 17 65
1890 12 10 38
1891 10 17 73 34
1892 10 65 64
1893 10 31 41
1894 31 17 43 30 21 44 10 76
1895 10 73
1896 10 17 57 43
1897 62 10
1898 15 10 38
1899 10 14
1900 10
1901 10
1902 10 73 21
1903 60 10 44
1904 15 12 10 65
1905 10
1906 10
1907 15 10 65
1908 87 53 65 38 10
1909 12 10 34
1910 10
1911 10
1912 64 25 15 12 10
1913 10
1914 15 12 10
1915 10 73
1916 15 10 38
1917 12 10 65
1918 10
1919 64 87 56 55 12 10
1920 10 21
1921 11
1922 11
1923 11
1924 11
1925 11
1926 11 87 53 14 12 34 73
1927 11 64 87 17 15 37 12 41 81
1928 11
1929 11
1930 11
1931 11
1932 11
1933 11
1934 11
1935 78 17 65 21 12 73 27
1936 65 21 38 12 73
1937 87 25 65 21 12 73
1938 12 65
1939 87 12 21
1940 64 72 87 17 43 21 76 12 36 73 42
1941 74 21 38 12 73
1942 12
1943 12
1944 12 73
1945 15 12 65
1946 15 12
1947 87 12 21
1948 12
1949 12
1950 12 64
1951 12 71 58
1952 17 25 21 60 12 34 73 58
1953 12
1954 12
1955 12
1956 12
1957 17 12 90 73 68
1958 53 65 23 15 21 38 12
1959 12
1960 15 12 17 53
1961 12 17 65
1962 12
1963 12 86
1964 12 27
1965 12 13
1966 87 12 17
1967 26 87 21 41 17 53 33 44 12 36 73 43 65 19 30 58 31 56 28 38 32 35 25 34 81
1968 12 38
1969 12 64
1970 12 65
1971 64 56 17 38 12
1972 12
1973 12
1974 12 25
1975 12
1976 12 65
1977 12
1978 15 12 58
1979 87 12 38 65
1980 12
1981 12 65
1982 87 12 41 64
1983 46 52 63 87 25 53 21 38 12 81 73 76 83
1984 46 52 83 26 87 31 17 33 21 69 76 38 12 34 73 58 29
1985 12 73 76 44
1986 12 65
1987 12
1988 12 34 65
1989 78 87 31 17 25 43 33 69 38 44 86 12 36 41 73 76
1990 12 64 31 25
1991 12 36 43 73
1992 26 87 31 22 23 19 57 21 69 38 60 86 12 36 73 58
1993 12
1994 12
1995 87 31 17 25 15 38 35 12 73 76
1996 12 38 65
1997 87 25 65 86 12
1998 12 42 65
1999 12
2000 12 58 44
2001 12 38
2002 87 43 53 21 12
2003 12 90 73 38
2004 12
2005 12
2006 12 64 65
2007 12 65
2008 16 17 25 21 12 76
2009 63 26 62 87 31 17 25 56 21 38 32 86 12 73 76 83
2010 12 64 65
2011 12 23
2012 64 87 17 25 15 12 34 41 73
2013 31 17 25 53 65 15 12 34 41 73
2014 31 17 53 65 74 12 36 27
2015 15 12 90
2016 12 14
2017 15 12
2018 12 14
2019 87 12 21 65
2020 64 87 17 65 21 24 12 73
2021 87 17 25 19 21 38 12 73
2022 87 62 17 25 55 56 57 65 12 34 41
2023 87 21 86 41 17 57 12 36 73 52 19 24 76 31 56 28 38 34 89
2024 84 85 17 65 12 73
2025 12 64 65 16
2026 87 31 17 25 14 38 12
2027 12 65
2028 12
2029 65 19 21 12 41
2030 12 65
2031 78 91 87 31 17 56 74 57 30 37 44 12 41 73 76 27
2032 59 62 56 74 57 23 60 12 58
2033 87 62 17 56 74 23 38 44 86 12 41 73 76
2034 64 17 74 65 38 12
2035 12 65
2036 12 25
2037 15 12
2038 78 87 71 31 17 25 23 21 69 38 12 34 41 77
2039 26 12
2040 52 17 65 38 12 41
2041 12 65
2042 15 12
2043 12
2044 12 17 38
2045 12 58
2046 15 12 64 73
2047 87 24 38 12 36 81 73
2048 19 12
2049 12 36
2050 12 17
2051 12 79 58
2052 87 55 53 69 13 38 12 73
2053 12 37 86
2054 12
2055 12
2056 12 53 65
2057 12
2058 12
2059 12
2060 12
2061 87 56 17 25 61 12 73
2062 12 23
2063 12 34
2064 12 36
2065 87 12 41
2066 56 15 12 73 58
2067 15 12
2068 12
2069 12
2070 12 56 25
2071 62 21 60 12 73 58
2072 12 56
2073 12
2074 17 53 21 12 73
2075 12 17 65
2076 12
2077 12 43
2078 87 12
2079 20 87 43 25 21 12 41 68
2080 12
2081 12
2082 87 57 19 21 12
2083 12
2084 12 56
2085 12 41 73 38
2086 12
2087 12 36 25
2088 12
2089 12
2090 64 17 56 65 15 12
2091 12 41 65
2092 26 87 31 17 74 23 61 38 86 12 58 89
2093 12 56
2094 12
2095 12
2096 12
2097 87 12
2098 17 53 56 21 38 12 73
2099 12 76
2100 12 64
2101 12
2102 12 17
2103 64 65 15 21 38 12 73
2104 12
2105 15 12
2106 87 12 73
2107 12
2108 15 12 56 76
2109 12
2110 52 53 19 21 38 82 12 41
2111 12
2112 84 56 17 12 73
2113 64 65 15 12 81 73
2114 17 25 23 21 12 41 73
2115 87 12 69 86
2116 13
2117 87 65 21 13 58
2118 13
2119 13
2120 26 87 31 17 57 13 76 25 36 73 58
2121 29 31 13
2122 87 17 21 13 37 49 35 25 34 73
2123 13
2124 13
2125 13
2126 13
2127 13
2128 13
2129 13
2130 13
2131 13
2132 46 92 26 87 21 86 41 63 17 53 74 57 33 79 44 36 73 52 62 43 19 37 90 58 76 78 31 56 23 13 38 35 25 34 91 66
2133 13
2134 13
2135 14 43
2136 87 73 92 14
2137 73 14 53 65
2138 14 38 17
2139 14
2140 64 87 31 17 43 65 19 21 14 86 34 41 76
2141 63 14 65
2142 14
2143 16 87 31 17 15 14 38 32 34 76
2144 15 14 65
2145 14
2146 14
2147 46 87 62 31 17 43 56 19 60 14 38 76 49 36 73 58
2148 46 64 87 17 56 15 25 34 77
2149 15 91
2150 15 69 65
2151 64 87 65 15 21 25 36
2152 17 53 65 15 37 73 42
2153 15
2154 15
2155 15
2156 15
2157 15
2158 15 69
2159 15
2160 15 65
2161 15
2162 15 65
2163 52 65 15 38 34 76
2164 15
2165 15 37
2166 15 64 65
2167 15
2168 15 73
2169 87 15 50 76 27
2170 15 36 73
2171 15 65
2172 15 73 17 65
2173 63 64 15 76 86 41 73 58
2174 15 65
2175 15 65
2176 15 65
2177 15
2178 15 87
2179 15 21 17 65
2180 15 73 65
2181 15
2182 15 21 31 43
2183 15 65
2184 87 17 43 65 15
2185 15
2186 15
2187 15
2188 15 87 38
2189 15 65
2190 15
2191 59 15 69 35 34
2192 15 87 64 65
2193 15
2194 15
2195 87 17 23 15 33 21 25
2196 15
2197 15
2198 15
2199 31 15 25 73 27
2200 17 53 15 38 25 36 83
2201 15
2202 15
2203 15 65
2204 15 26
2205 15
2206 15
2207 15
2208 15 64 65
2209 15 42 65
2210 26 87 21 93 86 41 63 17 57 44 73 16 62 30 37 58 27 76 31 56 23 38 32 35 25 34 91
2211 16 87 17 56 74 19 21 69 38 25 73 58
2212 84 16 87 31 17 38 35 73 58
2213 84 16 87 62 31 56 74 38 25 36 73
2214 72 66 87 31 17 43 19 21 49 38 44 25 34 81 73 58 27
2215 17 74 65 38 25 73
2216 21 17
2217 87 17 23 21 38 36 73
2218 17 65 21 44 25 76
2219 17 65
2220 26 87 17 22 57 33 21 38 44 34 73 76
2221 52 17 65 23 34
2222 59 87 62 56 17 57 38 44 73 58
2223 17 65
2224 64 17 65 23 25 73
2225 87 56 17 53 65 74 73 91
2226 87 17
2227 87 73 17
2228 87 17
2229 17 65 25 34 81 48
2230 87 17 65 19 21 36 73 66
2231 52 87 17 56 34 65 74 21 79 76 38 41 73 58
2232 26 87 21 41 84 17 53 74 57 60 73 83 52 62 43 19 37 90 76 31 56 23 38 35 25 34 91
2233 17
2234 87 62 17 74 23 21 44 73 48
2235 87 31 17 37 73
2236 30 87 31 17
2237 25 31 17
2238 46 87 41 84 17 57 79 36 73 52 19 76 58 27 31 23 54 38 25 34 81
2239 17
2240 26 87 21 69 41 63 17 53 74 44 36 73 52 76 58 31 56 38 25 34
2241 64 87 17 23 19 21 25 73
2242 28 17
2243 87 17
2244 64 26 17 73 76
2245 17 76
2246 21 17 73 65
2247 52 91 87 77 17 61 24 34 41 76 27
2248 17 65
2249 56 21 17
2250 52 36 87 17 56 65 19 34 73
2251 87 56 17 36 73 42
2252 26 17 65
2253 87 17 65 21 38
2254 52 87 77 17 19 21 38 25 41 76 66
2255 17
2256 87 17 74 19 21 24 36 73 76 75
2257 25 17
2258 25 21 17 91
2259 31 17 21 86 73
2260 73 81 17
2261 46 87 21 86 41 63 17 74 57 33 73 43 19 56 28 38 35 34 66
2262 17
2263 37 64 92 17
2264 26 87 17 73 58
2265 87 34 17 64
2266 59 64 56 17 53 23 60 41 73 58
2267 26 87 17 65 86
2268 84 64 87 31 56 17 33 25 76
2269 84 17 65 19 38 41 73 76
2270 78 31 17 21 35 25
2271 78 31 17 38 35
2272 84 78 87 62 31 17 53 56 21 93 38 36 81 73 91 27
2273 73 81 17 82
2274 73 17
2275 25 64 17 65
2276 46 84 72 26 87 17 43 38 29 41 73 58
2277 26 87 51 31 17 43 30 76 38 44 86 25 36 41 73 58 27
2278 26 87 34 21 17 73 83 52 39 76 58 27 75 31 38 25 72 81 66
2279 17 25 34 73 27
2280 87 17 74 33 82 44 36 73 76
2281 87 17 86
2282 84 87 17 76 41 73 58
2283 25 17 65
2284 17 23
2285 26 17 38 42 58
2286 17
2287 17
2288 47 59 87 62 31 17 53 56 21 67 36 81 73
2289 18
2290 19 87 21 22
2291 64 87 74 65 19 25 81
2292 19 38
2293 87 43 19 50 21
2294 19 87 64 56
2295 19 21
2296 19 25 21 74
2297 19 25 21 74
2298 19 65
2299 21
2300 87 56 21 86 73
2301 21
2302 21
2303 21
2304 21
2305 21
2306 21 22 64
2307 36 91 26 87 31 21 76 25 34 41 73 58
2308 87 21 86
2309 87 65 21 38 73 66
2310 21 73 38 65
2311 25 21 65 64
2312 21 68 65
2313 21 65
2314 21
2315 25 21 53 65
2316 21 38 34 64
2317 46 64 51 21 73
2318 21 73
2319 21
2320 87 21 73 34
2321 21 65
2322 87 21 65
2323 87 56 21 34 58
2324 87 25 21 56
2325 26 87 57 21 38 81 73 58
2326 21 83
2327 87 21
2328 21
2329 21
2330 25 73 65 23
2331 23
2332 23
2333 23
2334 73 38 65 23
2335 36 65 23
2336 73 23
2337 44 36 23
2338 87 56 23 30 38 81
2339 26 23
2340 73 23
2341 87 38 23
2342 87 31 65 24 34 66
2343 87 24 64
2344 25
2345 31 28 25 34 73
2346 87 31 25 41 58
2347 26 87 31 25 73
2348 87 25 38
2349 87 25 31 73
2350 25
2351 83 59 78 91 87 31 74 28 50 38 44 25 36 73 76 27
2352 25 41 56 58
2353 26 25
2354 25
2355 26
2356 26 63 89
2357 59 26 62 53 65 57 60 73
2358 26
2359 47 26 62 56 36 73
2360 26 36 52
2361 26 87
2362 46 26 87 71 31 56 69 44 86 34
2363 26 87
2364 28 65
2365 62 29 55
2366 29
2367 30 73
2368 52 87 30 86 73 58
2369 31 65
2370 63 87 31 43 32 44 41 76
2371 31 56 86
2372 87 31 78 35
2373 87 31 65
2374 87 62 31 56 55 53 61 65 79 41 73 76
2375 64 31 65
2376 87 31 41 73 76 66
2377 87 31 43
2378 87 31 65 38 73
2379 36 31 73
2380 33 66
2381 34
2382 34 58
2383 34 65
2384 34 56
2385 52 87 34 64
2386 34 65
2387 34 61 38 60 72 73 76
2388 34 58
2389 34 73 74
2390 34 65 47
2391 87 35
2392 36 73 64
2393 36
2394 36 65
2395 36 44
2396 36 65
2397 59 90 87 62 56 50 60 36 73 58
2398 36
2399 36 73 38
2400 36 73
2401 37 65
2402 37
2403 38 65
2404 38
2405 38
2406 38 65
2407 87 58 38 89
2408 73 38 65
2409 63 53 38
2410 64 38
2411 65 50 93 38 41 73 58
2412 38 65
2413 38
2414 73 38
2415 52 87 43 65 38 86 73
2416 38 65
2417 38
2418 87 38
2419 38
2420 38
2421 43 38
2422 38
2423 87 64 38 65
2424 76 38
2425 38 65
2426 87 64 38
2427 38
2428 73 38
2429 38
2430 73 38
2431 56 38
2432 38
2433 38
2434 90 38
2435 38
2436 76 38
2437 41
2438 84 41 56 73
2439 41 74 65
2440 87 41 69
2441 62 41 60
2442 43 65
2443 44
2444 76 65 44
2445 76 44
2446 52 73 44
2447 49
2448 51
2449 51
2450 52 73
2451 53
2452 73 53
2453 62 56 55 53 57 61 60
2454 73 56
2455 56 58
2456 56 91
2457 56
2458 56
2459 74 65 61 57 60 58
2460 73 57
2461 57
2462 73 58 65
2463 64 58
2464 73 58
2465 87 73 58 74
2466 92 87 74 60 73
2467 86 76 65 61
2468 62 73
2469 63
2470 64
2471 87 64 65
2472 64 65
2473 64
2474 64
2475 64 65
2476 64
2477 64
2478 64
2479 64
2480 64
2481 64 65
2482 64
2483 64
2484 64
2485 64
2486 64 76
2487 64
2488 64
2489 64
2490 64
2491 64
2492 64 73 65
2493 64
2494 65
2495 65
2496 65
2497 65
2498 65
2499 65
2500 65
2501 65
2502 65
2503 65
2504 65
2505 65
2506 65
2507 65
2508 65
2509 65
2510 65
2511 76 65
2512 65
2513 65
2514 65
2515 65
2516 65
2517 65
2518 73 65
2519 65
2520 65
2521 65
2522 65
2523 65
2524 65 86
2525 65
2526 65
2527 65
2528 65
2529 65
2530 65
2531 65
2532 73 65
2533 65
2534 65
2535 65
2536 65
2537 65
2538 65
2539 65
2540 65
2541 65
2542 65
2543 73 65 86
2544 65
2545 65
2546 65
2547 65
2548 65
2549 65
2550 65
2551 65
2552 65
2553 87 71
2554 87 72
2555 72
2556 73
2557 73
2558 73
2559 73
2560 73
2561 73
2562 73
2563 73
2564 73
2565 73
2566 73
2567 87 73
2568 73
2569 73
2570 73
2571 73
2572 73
2573 73
2574 73
2575 87 73
2576 73
2577 73
2578 83 73 82
2579 73
2580 73
2581 73
2582 73
2583 74
2584 74
2585 76
2586 76
2587 76
2588 86
2589 87
2590 87
2591 87
2592 87
2593 87
2594 87
2595 87
