三种p
[[1, 2, 0],
 [2, 1, 0], 
 [1, 0, 2]]

每种p对关系的偏好
{0: [37, 55, 21, 36, 19],
 1: [14, 1, 57, 46, 15], 
 2: [2, 25, 21, 1, 24]}

{0: [耕地面积, 方言, 自然灾害综合风险度, 地貌类型, 动植物栖息地],
 1: [城镇居民收入,地区所在市级单位 , 非物质文化遗产类型, 地表水环境质量, 第二产业占gdp比重], 
 2: [地理位置区划, 民族, 自然灾害综合风险度, 地区所在市级单位, 三A景区数量]}


华安县 [1, 2, 0]
思明区 [1, 2, 0]
泰宁县 [1, 2, 0]
寿宁县 [1, 2, 0]
武夷山市 [1, 2, 0]
永泰县 [2, 1, 0]
平和县 [1, 2, 0]
尤溪县 [1, 2, 0]
宁化县 [1, 2, 0]
德化县 [1, 2, 0]
光泽县 [1, 0, 2]
长汀县 [1, 2, 0]
上杭县 [1, 2, 0]
福清市 [1, 2, 0]
永春县 [1, 2, 0]
云霄县 [1, 2, 0]
芗城区 [1, 2, 0]
南靖县 [1, 2, 0]
海沧区 [1, 2, 0]
思明区、海沧区、湖里区、集美区、同安区、翔安区 [1, 2, 0]
清流县 [1, 2, 0]
明溪县 [1, 2, 0]
将乐县 [1, 2, 0]
建宁县 [1, 2, 0]
晋江市 [1, 2, 0]
霞浦县 [2, 1, 0]
延平区 [1, 2, 0]
浦城县 [1, 2, 0]
建瓯市 [1, 2, 0]
武平县 [1, 2, 0]
上杭县、连城县 [1, 2, 0]
长乐区 [1, 2, 0]
闽清县 [1, 2, 0]
蒲城县 [1, 2, 0]
永定区 [1, 2, 0]
诏安县 [1, 2, 0]
长泰区 [1, 2, 0]
漳浦县 [1, 2, 0]
东山县 [1, 2, 0]
同安区 [1, 2, 0]
永安市 [1, 2, 0]
三元区 [1, 2, 0]
城厢区 [1, 2, 0]
屏南县 [1, 2, 0]
蕉城区 [1, 2, 0]
福鼎市 [1, 2, 0]
政和县 [1, 2, 0]
漳平市 [1, 2, 0]
连城县 [1, 2, 0]
平潭县 [1, 2, 0]
闽侯县 [1, 2, 0]
晋安区 [1, 2, 0]
大田县 [1, 2, 0]
安溪县 [1, 2, 0]
荔城区 [1, 2, 0]
古田县 [1, 2, 0]
建阳区 [1, 2, 0]
鼓楼区 [1, 2, 0]
龙海市 [2, 1, 0]
惠安县 [2, 1, 0]
南安市 [2, 1, 0]
丰泽区 [1, 2, 0]
秀屿区 [2, 1, 0]
仙游县 [2, 1, 0]
周宁县 [2, 1, 0]
柘荣县 [2, 1, 0]
福安市 [1, 2, 0]
顺昌县 [2, 1, 0]
邵武市 [2, 1, 0]
新罗区 [1, 2, 0]
永泰县、涵江区 [2, 1, 0]
永定县、南靖县、华安县 [1, 2, 0]
马尾区 [1, 2, 0]
石狮市 [1, 2, 0]
涵江区 [1, 2, 0]
湖里区 [1, 2, 0]
泉港区 [1, 2, 0]
罗源县 [1, 2, 0]
沙县区 [1, 2, 0]
翔安区 [1, 2, 0]
洛江区 [1, 2, 0]
连江县 [1, 2, 0]