

[[1, 0, 2, 3],
 [1, 0, 3, 2],
 [1, 3, 0, 2],
 [1, 2, 3, 0],*
 [1, 2, 0, 3],
 [1, 3, 2, 0]]


{0: [8, 54, 9, 53, 51],
 1: [19, 15, 53, 24, 18],
 2: [56, 1, 34, 24, 3],
 3: [14, 28, 19, 37, 54]}



{
0：[耕地面积,民族,草地覆盖率,三A旅游景区数，高速铁路密度]，  
1：[动植物栖息地数目，第二产值占GDP比重，三A旅游景区数，三A旅游景区数，土壤侵蚀模数] 
2：[非物质文化遗产名录数，市区，气候，三A旅游景区数，地理区划]  
3：[城镇居民存款，非物质文化遗产类型，动植物栖息地数目，耕地面积，民族]  
}
华安县 [1, 0, 3, 2]
思明区 [1, 0, 3, 2]
泰宁县 [1, 0, 3, 2]
寿宁县 [1, 0, 3, 2]
武夷山市 [1, 0, 2, 3]
永泰县 [1, 3, 0, 2]
平和县 [1, 0, 3, 2]
尤溪县 [1, 0, 2, 3]
宁化县 [1, 0, 3, 2]
德化县 [1, 0, 3, 2]
光泽县 [1, 0, 2, 3]
长汀县 [1, 0, 3, 2]
上杭县 [1, 0, 2, 3]
福清市 [1, 0, 2, 3]
永春县 [1, 0, 3, 2]
云霄县 [1, 0, 3, 2]
芗城区 [1, 0, 2, 3]
南靖县 [1, 0, 2, 3]
海沧区 [1, 0, 3, 2]
思明区、海沧区、湖里区、集美区、同安区、翔安区 [1, 3, 0, 2]
清流县 [1, 0, 2, 3]
明溪县 [1, 0, 3, 2]
将乐县 [1, 0, 3, 2]
建宁县 [1, 0, 3, 2]
晋江市 [1, 0, 2, 3]
霞浦县 [1, 3, 0, 2]
延平区 [1, 0, 2, 3]
浦城县 [1, 0, 2, 3]
建瓯市 [1, 0, 3, 2]
武平县 [1, 0, 3, 2]
上杭县、连城县 [1, 0, 3, 2]
长乐区 [1, 0, 3, 2]
闽清县 [1, 0, 3, 2]
蒲城县 [1, 0, 3, 2]
永定区 [1, 0, 3, 2]
诏安县 [1, 0, 3, 2]
长泰区 [1, 0, 3, 2]
漳浦县 [1, 0, 2, 3]
东山县 [1, 0, 3, 2]
同安区 [1, 0, 3, 2]
永安市 [1, 0, 3, 2]
三元区 [1, 0, 2, 3]
城厢区 [1, 0, 3, 2]
屏南县 [1, 0, 3, 2]
蕉城区 [1, 0, 3, 2]
福鼎市 [1, 0, 2, 3]
政和县 [1, 0, 3, 2]
漳平市 [1, 0, 3, 2]
连城县 [1, 0, 3, 2]
平潭县 [1, 0, 2, 3]
闽侯县 [1, 0, 3, 2]
晋安区 [1, 0, 3, 2]
大田县 [1, 0, 3, 2]
安溪县 [1, 0, 3, 2]
荔城区 [1, 0, 3, 2]
古田县 [1, 0, 3, 2]
建阳区 [1, 0, 3, 2]
鼓楼区 [1, 0, 2, 3]
龙海市 [1, 3, 0, 2]
惠安县 [1, 3, 0, 2]
南安市 [1, 3, 0, 2]
丰泽区 [1, 0, 3, 2]
秀屿区 [1, 3, 0, 2]
仙游县 [1, 3, 0, 2]
周宁县 [1, 3, 0, 2]
柘荣县 [1, 3, 0, 2]
福安市 [1, 0, 2, 3]
顺昌县 [1, 3, 0, 2]
邵武市 [1, 3, 0, 2]
新罗区 [1, 0, 2, 3]
永泰县、涵江区 [1, 3, 0, 2]
永定县、南靖县、华安县 [1, 0, 3, 2]
马尾区 [1, 3, 2, 0]
石狮市 [1, 0, 2, 3]
涵江区 [1, 0, 2, 3]
湖里区 [1, 0, 3, 2]
泉港区 [1, 0, 3, 2]
罗源县 [1, 0, 2, 3]
沙县区 [1, 0, 3, 2]
翔安区 [1, 2, 0, 3]
洛江区 [1, 0, 3, 2]
连江县 [1, 0, 2, 3]